100 100 100
200
66 77 42
52 83 69
94 67 100
97 94 15
2 78 89
31 35 33
84 4 75
75 75 70
36 42 44
69 75 41
98 37 91
77 40 78
93 6 70
83 45 71
10 95 91
78 49 81
84 1 76
69 80 52
97 75 62
72 6 78
40 37 5
85 53 54
36 32 41
8 35 4
34 48 35
94 18 97
87 44 98
68 33 84
88 44 100
100 28 66
88 28 93
3 18 1
92 2 95
74 16 71
73 81 67
78 29 66
94 9 83
10 97 98
67 13 67
100 44 97
7 13 22
95 35 74
100 45 69
30 42 41
77 19 83
58 65 64
67 45 96
76 35 74
19 72 77
71 62 52
80 73 29
99 95 75
91 22 79
2 96 66
89 54 58
85 35 94
29 75 68
40 99 77
89 3 68
24 26 33
5 88 66
16 38 43
15 46 40
99 1 98
71 31 66
76 39 98
88 22 90
90 52 82
26 86 87
19 12 3
66 97 12
80 21 86
14 50 28
94 17 95
90 12 97
100 40 88
45 48 11
26 38 44
96 29 83
100 68 13
95 20 71
89 11 79
2 94 93
78 3 75
71 72 9
76 19 98
84 31 66
79 16 90
71 39 96
53 97 83
41 8 25
72 16 86
73 61 68
97 49 76
76 98 37
69 63 58
83 2 93
80 49 94
30 39 34
88 60 68
96 30 84
90 6 68
91 66 50
90 1 83
82 100 19
73 7 100
78 28 69
43 91 72
89 11 75
95 32 77
77 92 26
35 5 2
69 21 89
22 76 77
44 70 86
93 4 80
70 38 80
88 96 20
98 92 22
56 80 67
73 11 68
85 86 38
94 40 78
83 13 71
89 26 93
92 48 93
74 79 73
100 4 91
75 22 95
20 36 34
94 9 70
81 78 79
48 21 28
76 23 76
78 21 92
82 71 4
88 2 100
76 92 41
65 94 91
66 8 73
79 66 78
91 14 71
70 86 66
92 26 81
94 12 74
96 13 67
100 11 76
71 30 92
85 8 91
80 99 49
87 16 71
78 9 94
92 91 25
26 5 36
38 19 33
66 77 3
86 39 77
93 83 15
84 45 95
85 46 85
61 98 59
31 46 36
67 39 68
97 10 79
81 68 11
81 41 66
94 10 89
10 96 71
86 18 83
67 98 58
73 77 6
67 16 80
93 46 94
86 47 80
85 9 75
73 28 99
50 64 90
84 48 78
27 11 23
89 46 72
79 28 85
50 95 58
84 19 80
71 12 92
6 78 99
24 77 70
40 12 41
92 17 76
93 7 73
71 76 48
98 47 91
75 43 100
89 43 70
6 32 10
92 40 66
82 27 89
55 74 73
55 66 96
75 69 41
82 35 84
