100 100 100
200
77 20 73
66 9 100
73 42 79
6 24 22
71 6 91
73 35 73
95 6 90
72 17 92
77 24 77
99 18 94
4 70 68
100 11 88
7 4 29
57 51 81
83 45 79
71 42 82
97 60 70
58 62 60
92 27 66
95 33 72
90 4 73
87 28 94
80 88 39
59 94 69
43 48 46
15 48 35
96 22 95
30 42 34
81 15 92
69 36 97
87 66 22
88 29 89
74 26 76
83 7 76
92 50 79
81 42 87
97 27 76
66 5 87
10 9 39
87 11 89
98 44 80
80 14 88
87 22 98
74 48 80
61 64 71
73 41 66
93 84 39
96 19 66
97 25 93
90 10 94
77 75 30
83 22 66
21 38 17
42 97 96
16 96 98
10 99 82
79 21 72
66 19 92
29 80 72
34 93 84
71 25 78
71 29 83
42 5 29
87 16 77
81 35 90
70 3 80
86 10 92
98 40 72
77 49 91
94 34 66
66 9 95
76 73 26
12 32 39
99 9 86
33 50 27
68 72 9
83 84 77
99 46 90
60 63 53
100 29 82
25 81 79
71 66 69
87 28 72
85 74 16
93 45 82
100 68 6
69 50 88
77 39 71
92 15 66
75 14 76
5 45 50
81 14 89
85 19 74
83 47 86
81 29 82
60 91 78
99 34 67
68 36 69
82 50 88
87 23 79
85 29 71
77 1 96
97 39 81
80 8 80
18 70 87
79 44 69
91 1 86
98 17 79
88 24 73
93 98 43
100 7 92
71 80 35
74 2 90
78 5 79
21 88 89
80 34 90
94 74 2
83 4 86
25 66 79
18 77 87
73 74 35
42 15 8
99 29 91
68 50 93
92 32 92
81 3 79
36 97 77
96 9 92
87 24 68
89 11 83
92 47 79
87 75 40
23 89 96
68 84 55
71 15 86
97 33 95
91 82 56
42 28 23
84 10 77
23 14 21
81 42 87
19 11 17
66 17 84
32 92 82
87 75 38
87 12 88
93 50 67
22 95 96
60 60 74
87 40 69
71 53 78
53 97 58
40 95 71
88 5 75
96 49 86
76 16 72
88 56 83
95 97 89
45 45 3
97 84 79
78 37 94
73 44 86
86 9 86
97 7 85
83 5 90
75 1 82
83 32 95
93 29 93
27 77 78
95 63 69
74 34 94
96 40 85
85 25 97
70 44 96
8 84 96
87 14 70
86 46 99
85 47 92
99 11 98
82 34 87
87 23 100
15 69 87
91 29 88
88 67 35
85 15 86
92 10 92
73 68 66
67 5 74
11 38 6
67 5 76
11 3 13
55 82 76
93 47 82
99 79 8
90 38 84
85 11 88
37 32 24
58 72 61
73 10 92
95 31 72
