100 100 100
200
98 70 92
71 11 93
66 6 94
42 90 70
3 8 5
75 17 94
95 26 79
77 9 78
77 6 75
70 94 2
18 46 25
95 86 71
49 85 89
94 36 100
88 15 98
69 22 74
88 82 75
91 66 98
91 19 78
53 79 95
36 97 94
86 30 76
1 98 88
62 89 50
66 82 30
5 16 19
47 74 96
99 18 85
80 78 6
69 46 100
81 25 98
75 25 93
75 16 81
27 43 46
89 40 76
92 26 72
94 27 97
96 37 77
68 41 75
88 13 94
79 22 97
78 28 96
75 16 69
74 38 84
70 33 82
68 17 78
48 18 35
83 43 67
88 45 82
77 50 80
71 14 81
99 28 99
5 66 86
71 33 88
50 29 25
36 25 32
68 86 14
88 5 86
66 88 11
73 93 19
97 15 95
92 43 94
20 35 33
76 20 77
100 7 91
81 45 67
73 20 66
71 32 95
89 37 75
98 32 93
94 13 94
48 75 84
80 10 66
72 37 83
86 44 83
76 70 49
64 60 87
86 16 95
83 99 100
94 5 99
100 7 84
72 12 100
23 69 94
86 69 40
73 21 73
27 87 85
100 74 14
98 90 24
100 41 78
99 51 64
90 88 16
83 10 73
43 93 67
82 31 73
69 27 75
66 92 95
71 50 78
82 82 28
95 51 59
17 69 89
12 29 38
44 91 68
68 89 33
60 61 65
86 73 25
76 88 59
75 9 95
86 43 85
77 24 68
4 91 68
73 59 51
80 82 23
69 42 73
32 96 66
83 15 88
77 24 95
10 2 24
88 84 5
19 39 45
69 19 77
70 33 87
18 1 18
95 29 74
94 40 91
76 36 66
76 96 6
67 16 73
96 39 83
79 51 73
68 29 96
15 17 6
10 77 74
71 18 80
88 2 66
5 37 13
75 43 83
66 9 78
81 50 80
18 32 21
39 48 31
30 89 86
68 98 27
94 1 72
100 97 5
94 21 74
94 2 66
79 26 86
81 47 94
98 99 89
70 44 88
99 13 74
79 9 78
92 32 68
76 93 47
91 39 75
73 10 100
98 92 93
91 44 85
66 81 25
75 49 87
90 11 94
73 51 97
23 47 23
69 21 91
91 3 82
67 43 98
82 24 88
70 11 96
45 91 70
84 26 94
43 98 90
88 6 67
93 77 60
85 10 84
46 31 38
95 10 77
89 10 88
50 75 95
41 73 67
90 85 29
92 33 94
43 86 85
97 31 66
80 94 9
29 37 35
74 40 90
68 8 70
67 49 80
79 18 96
73 23 97
84 67 11
69 17 89
69 9 67
31 42 10
84 82 63
96 100 32
49 42 8
74 27 99
69 30 87
96 7 87
