100 100 100
200
84 17 89
81 6 77
12 4 34
76 42 86
91 27 75
68 86 89
14 49 7
40 75 92
75 54 66
88 95 50
97 79 69
81 5 92
96 85 49
83 76 20
69 8 92
96 42 80
100 48 81
38 12 22
36 1 10
77 23 92
68 6 85
2 66 86
82 31 86
95 36 70
94 37 71
14 83 68
62 57 85
84 2 75
94 11 80
97 13 100
75 23 69
76 31 79
92 29 91
71 19 90
67 10 89
50 88 85
95 46 75
73 1 80
70 18 72
100 31 90
82 30 66
72 18 84
74 34 91
89 33 90
29 50 27
94 19 73
78 38 68
91 4 71
93 86 60
100 99 15
77 76 77
1 93 77
74 72 79
93 31 97
33 34 1
78 18 81
55 75 63
77 7 96
91 44 95
95 9 73
83 23 88
84 47 74
93 94 59
87 38 92
26 36 37
85 2 72
94 19 76
71 27 99
84 39 97
98 1 92
88 43 85
70 74 65
67 19 76
6 75 84
81 67 15
98 39 86
56 95 76
61 64 78
70 24 78
87 26 96
53 63 59
91 74 22
83 5 96
72 22 91
76 6 98
94 42 73
82 36 98
71 83 37
72 44 96
23 40 45
70 37 88
83 5 96
16 18 28
68 16 94
73 22 69
76 11 71
8 47 9
97 36 91
66 56 95
98 6 84
86 29 68
47 17 49
19 85 97
75 8 94
76 73 70
81 95 40
85 39 87
70 65 98
89 91 40
92 33 72
99 25 86
68 84 92
100 86 85
98 10 89
91 21 89
85 43 76
23 89 85
75 18 89
67 10 94
96 27 91
68 8 84
87 40 94
95 70 29
94 16 89
32 49 20
96 21 95
69 68 45
94 58 98
36 35 15
82 19 94
87 87 89
76 37 68
73 16 96
76 82 35
91 72 42
67 4 93
78 53 94
85 47 87
31 29 37
98 39 73
100 9 97
81 13 94
93 85 19
74 27 93
95 29 75
23 70 78
92 42 74
90 73 17
15 99 93
96 18 73
50 66 78
81 10 73
79 14 82
80 32 72
100 10 99
93 31 96
100 4 95
90 41 82
2 83 91
87 3 90
79 80 12
78 19 90
71 6 77
98 31 69
79 29 97
85 76 81
21 82 88
97 2 73
30 83 91
69 36 95
94 25 75
54 52 77
86 19 69
85 20 89
68 2 85
36 41 28
48 77 84
27 3 1
69 6 85
90 5 78
69 37 69
74 37 79
88 44 74
67 47 70
78 47 87
54 80 62
79 3 75
66 30 95
66 26 73
99 21 92
71 48 92
97 82 47
95 28 100
93 53 76
76 29 84
88 24 81
72 91 16
12 4 38
76 22 77
76 30 89
