100 100 100
200
81 87 32
90 98 15
21 83 70
66 3 91
97 45 86
89 84 42
95 21 76
69 80 83
80 35 93
79 62 54
96 17 79
88 14 81
97 39 80
31 15 21
29 48 44
87 15 73
96 46 89
99 14 68
100 34 69
40 92 88
99 43 77
92 5 95
67 30 71
4 89 92
88 31 78
90 11 95
70 3 93
80 37 76
86 18 93
21 81 76
68 20 74
35 78 89
18 88 100
69 46 77
81 31 68
8 17 16
83 16 77
24 16 39
71 44 80
76 50 87
42 41 11
67 11 94
72 5 79
68 82 8
92 74 16
84 22 69
66 79 76
98 87 4
67 40 82
89 29 66
87 7 77
69 27 79
65 58 93
67 30 84
85 40 95
93 52 68
100 46 85
76 71 80
68 14 73
69 26 79
25 100 82
87 2 100
85 67 76
99 7 83
58 87 66
90 10 76
91 17 87
72 21 69
80 40 73
97 19 92
60 98 79
75 22 67
88 27 87
99 70 32
77 7 66
74 14 97
9 29 11
98 23 76
75 93 20
1 93 92
86 28 74
74 17 85
74 15 74
53 63 53
78 40 87
92 3 95
70 50 54
59 94 77
66 46 66
25 37 48
96 4 89
94 49 71
100 32 92
48 88 79
78 16 97
79 20 82
81 100 19
99 29 90
100 83 29
67 22 66
92 30 72
66 22 69
87 42 75
67 37 94
83 8 78
67 91 36
82 18 78
41 75 98
100 49 78
79 7 98
93 2 99
54 72 53
34 31 41
85 10 78
95 57 83
69 13 79
93 33 94
75 1 74
93 32 99
80 70 71
100 30 80
70 28 97
96 4 78
70 88 34
74 66 23
86 73 52
93 49 100
99 6 91
87 94 23
85 12 93
97 38 96
83 87 65
55 65 80
15 13 40
91 18 78
95 94 32
93 26 68
54 56 98
76 27 97
96 27 91
76 15 95
81 14 70
81 95 33
94 26 70
95 40 75
66 29 89
94 7 96
100 30 86
92 41 77
86 43 92
15 88 81
15 10 17
79 45 95
73 22 66
98 90 41
100 49 93
66 72 41
88 39 92
89 44 78
77 6 92
5 80 94
12 89 89
97 12 82
70 42 69
89 4 90
98 94 11
94 93 90
67 40 98
81 34 66
76 45 97
69 39 82
34 84 86
38 6 6
34 81 81
94 22 78
93 23 81
68 31 79
88 32 79
78 28 69
91 9 93
47 42 3
72 61 89
48 91 83
88 39 82
71 8 98
93 45 70
17 49 9
99 12 99
87 35 96
49 18 31
92 48 92
16 16 9
75 44 97
86 59 69
21 23 23
67 22 89
91 70 99
49 90 98
5 13 33
25 95 92
