100 100 100
200
79 95 46
77 43 67
74 1 70
90 15 72
90 14 96
49 89 69
84 44 69
99 36 72
42 50 10
50 46 37
25 67 99
75 59 79
87 32 98
95 5 81
88 39 70
39 35 4
28 80 98
91 15 87
70 16 71
57 74 85
73 67 13
83 41 70
48 28 29
75 39 78
4 86 72
97 10 86
73 24 80
77 21 66
77 26 72
91 88 66
97 16 80
91 89 35
50 8 25
68 22 86
94 49 81
78 76 41
84 35 90
44 100 74
69 84 61
88 18 83
5 74 97
84 3 82
43 25 6
20 22 49
98 29 66
81 93 97
77 33 87
94 23 91
92 12 88
83 78 68
77 4 98
94 2 92
73 12 86
14 73 70
90 45 91
71 1 68
98 35 67
24 70 80
93 35 87
91 42 98
31 88 75
79 6 80
27 6 12
87 80 18
91 43 83
24 82 81
77 100 100
53 65 58
30 42 5
97 40 91
87 81 6
92 5 87
30 83 74
90 3 73
81 98 82
96 36 84
94 71 11
92 77 18
79 21 73
97 71 37
50 92 86
69 61 92
99 26 76
89 39 84
81 25 77
89 13 83
80 39 72
54 58 82
96 1 84
83 33 85
76 18 66
71 44 94
100 47 75
95 62 100
70 84 43
81 28 80
68 44 70
22 21 43
18 94 83
70 39 96
81 51 68
75 66 60
91 6 99
95 15 70
88 87 45
89 41 98
80 48 70
68 3 75
89 11 95
77 97 7
39 76 99
98 69 34
66 66 27
96 9 66
73 97 44
77 34 95
86 48 90
9 70 93
26 78 68
69 44 73
98 3 77
77 79 8
96 40 75
70 19 95
97 22 100
77 44 85
95 41 84
46 100 84
67 46 100
2 2 24
79 47 78
84 26 81
90 9 71
76 41 69
92 35 70
87 27 90
84 32 80
19 72 88
74 24 68
83 18 73
86 20 71
94 87 37
80 44 93
68 26 93
73 48 76
75 17 66
72 23 84
74 44 87
64 69 51
17 17 7
86 6 85
2 71 87
21 90 74
77 11 71
2 49 27
20 70 89
91 19 66
32 86 66
72 11 99
66 8 95
67 14 77
95 40 89
87 21 86
21 2 37
100 28 70
35 75 87
83 14 75
24 31 47
76 6 87
84 3 98
80 6 67
71 32 95
79 42 67
96 41 86
86 43 95
69 6 72
80 18 75
90 8 71
76 1 87
91 12 72
94 48 88
70 20 91
69 67 26
98 30 95
98 16 87
74 47 77
76 44 74
98 45 67
54 67 100
80 16 69
79 49 93
84 41 69
11 11 30
70 73 10
40 78 79
94 21 96
68 86 73
97 9 92
2 78 81
70 23 94
