100 100 100
200
63 73 80
86 35 85
53 51 78
68 28 77
1 92 72
68 1 72
100 94 99
86 13 85
83 16 76
43 20 48
67 38 83
92 29 95
88 26 94
71 46 87
51 62 66
51 78 60
80 71 98
72 17 93
74 49 72
85 49 67
24 89 72
75 28 91
83 87 1
89 42 88
98 20 79
35 6 1
75 42 78
96 4 67
92 35 85
98 16 75
20 13 10
90 97 78
86 20 96
39 79 96
86 82 89
69 8 97
63 59 57
87 45 76
74 49 97
99 82 48
77 8 100
79 76 42
81 44 66
74 18 82
91 43 100
88 29 72
48 6 13
66 31 84
41 80 70
66 6 87
43 92 73
80 93 69
74 48 70
30 85 92
82 49 88
97 66 16
22 86 73
77 13 89
70 90 3
77 7 69
78 45 69
70 11 71
30 45 7
99 44 77
73 21 73
99 23 85
97 74 35
73 10 66
83 98 38
96 8 91
80 37 83
87 74 50
46 96 85
68 23 73
23 72 96
72 71 5
86 72 95
75 30 69
84 43 70
91 41 73
95 49 99
76 20 93
90 36 77
74 83 4
83 7 66
87 89 8
36 42 40
35 7 30
64 92 91
95 30 93
90 35 79
79 58 54
39 11 2
94 15 97
75 3 96
84 35 91
91 42 90
26 94 87
94 28 86
97 5 90
82 29 91
93 31 82
94 23 77
87 44 70
92 83 1
75 12 71
89 29 73
91 82 59
100 24 88
76 8 93
68 3 77
93 81 5
89 22 99
26 9 50
37 84 71
96 4 75
78 14 99
44 70 78
97 80 43
97 3 88
13 27 1
30 7 38
97 29 94
86 54 50
84 34 85
96 7 75
44 34 9
67 25 76
83 2 98
67 45 78
72 7 94
71 45 76
93 6 88
100 22 94
92 1 73
99 55 51
97 41 93
99 38 94
16 22 33
31 6 1
2 24 29
71 13 93
80 9 72
76 77 5
3 9 6
73 6 77
86 38 94
84 11 66
100 14 79
52 51 80
98 3 88
73 11 71
26 6 17
47 49 35
70 19 92
92 38 86
93 74 50
85 32 99
27 29 39
79 13 85
90 49 94
74 50 88
66 87 21
83 13 94
87 3 86
71 47 96
71 83 34
70 87 62
35 84 74
68 12 77
25 22 26
92 22 70
99 29 89
95 2 90
77 95 26
91 36 85
70 4 70
91 37 99
45 21 16
2 76 87
72 3 97
5 10 31
74 97 59
84 22 72
23 82 98
89 50 85
74 40 68
96 27 83
25 67 96
70 15 98
100 49 93
78 15 81
81 77 12
95 88 8
75 10 71
48 17 6
19 12 40
74 35 85
71 46 72
84 45 97
