100 100 100
200
80 81 89
96 85 39
44 91 69
92 38 81
95 51 61
70 36 99
72 39 66
46 74 99
54 58 100
73 45 78
93 48 80
47 87 85
90 21 89
35 36 22
84 22 71
97 28 78
74 42 68
32 83 77
79 29 74
27 92 97
66 48 98
44 16 36
79 27 87
67 42 74
79 15 73
42 90 92
66 13 77
23 38 7
83 41 87
68 33 87
17 11 1
71 9 71
55 57 73
88 70 20
86 95 38
84 4 92
73 77 32
87 9 91
76 28 94
88 90 24
97 74 88
73 71 35
58 69 79
89 13 76
85 10 75
79 31 67
88 28 71
9 42 31
94 7 88
19 45 27
93 49 94
19 66 72
99 33 78
85 23 78
87 6 96
99 34 90
95 10 78
66 13 99
95 26 67
87 23 88
76 3 97
97 15 86
84 61 99
75 12 92
34 50 7
68 32 90
83 93 45
28 72 70
78 43 70
73 78 96
74 17 97
69 22 70
83 5 95
22 81 97
98 5 81
94 35 70
53 82 58
69 11 66
48 16 28
84 14 70
99 33 76
95 22 92
80 47 91
83 6 100
86 42 91
72 34 81
33 79 81
28 15 45
97 91 9
73 26 88
70 49 79
82 66 24
14 96 100
50 88 83
79 48 90
29 78 66
16 99 76
84 6 73
67 46 78
5 24 33
89 29 71
66 90 13
75 39 89
80 22 69
97 2 83
97 32 68
87 9 100
80 8 88
77 36 70
74 33 97
52 99 53
61 60 62
76 40 70
51 90 88
90 45 84
81 25 91
19 29 10
96 2 97
75 46 100
12 81 90
81 50 93
79 48 74
12 72 91
81 20 78
72 47 92
1 72 87
86 24 88
97 7 92
20 72 85
69 35 99
89 18 88
92 100 42
95 2 69
8 50 3
8 18 50
72 48 87
53 51 72
61 66 72
29 19 49
80 47 73
84 84 40
84 13 70
39 88 99
85 27 93
4 17 27
82 46 89
34 84 82
93 27 67
43 25 17
93 16 81
74 71 32
73 93 78
88 38 66
90 70 68
79 40 93
77 9 82
70 34 84
84 29 73
20 66 95
68 15 88
67 33 77
89 11 88
91 36 95
77 25 95
98 29 66
93 48 92
43 41 49
68 10 66
22 76 95
21 67 78
77 66 74
91 78 71
95 85 42
95 12 95
69 36 70
67 74 16
94 39 78
81 95 31
83 44 77
30 21 3
84 7 72
46 86 80
85 42 85
36 15 20
68 79 52
64 91 60
50 84 92
72 8 86
82 10 73
96 11 93
32 2 12
21 88 71
72 46 90
64 53 76
91 5 97
88 16 88
95 96 48
97 12 91
78 36 97
99 16 99
