100 100 100
200
39 25 36
70 22 75
71 45 80
82 1 98
95 19 70
94 18 90
50 71 93
87 95 59
86 45 94
86 19 76
73 9 99
96 79 19
91 15 85
83 27 98
87 99 6
28 69 83
93 40 76
45 70 83
8 92 75
90 81 21
98 76 61
81 93 20
99 26 84
81 43 96
73 9 80
70 3 72
95 65 57
89 23 93
87 60 80
35 76 86
62 54 96
73 16 93
86 49 80
86 2 80
20 79 87
75 49 86
28 75 84
88 24 93
77 4 67
99 24 96
40 92 96
70 95 78
90 78 16
80 72 16
78 24 74
69 34 75
54 71 60
31 80 81
57 92 90
78 33 73
96 45 69
90 25 86
100 17 85
71 22 88
79 10 93
67 26 83
96 80 62
58 95 68
72 44 80
93 94 81
3 100 91
88 20 77
76 85 65
99 31 83
83 28 99
96 38 71
80 13 71
96 55 72
74 46 93
40 97 67
99 79 61
99 6 68
57 74 65
95 76 12
94 37 79
70 10 93
93 90 9
87 39 97
70 38 100
43 84 66
81 20 89
13 100 78
71 7 92
91 66 92
88 91 48
76 99 63
71 45 79
97 22 97
28 93 66
85 21 96
96 14 92
38 90 91
86 40 84
77 72 5
72 42 83
77 92 15
89 37 96
98 80 78
88 13 81
92 40 67
90 58 96
85 42 95
78 6 79
22 96 81
66 50 84
83 3 99
84 40 91
98 12 66
100 89 28
62 54 77
90 6 67
82 19 79
4 91 77
92 8 67
99 50 86
88 45 71
86 43 92
96 37 82
66 18 70
85 90 67
52 93 70
85 36 77
13 4 5
7 47 40
94 99 37
77 30 77
75 17 73
94 51 51
41 68 83
72 28 98
82 28 69
79 36 89
98 49 98
100 31 73
70 34 91
77 10 86
89 6 83
73 33 95
89 17 76
66 35 91
95 33 78
84 12 81
2 98 78
70 28 82
76 65 88
40 35 30
1 89 69
66 67 71
50 85 81
83 41 100
86 93 50
11 87 85
88 19 79
79 26 76
12 10 35
84 67 49
39 17 45
37 27 33
100 12 82
3 20 30
78 18 94
36 23 27
82 44 77
84 36 72
20 4 29
22 48 19
71 5 96
96 50 79
71 22 70
83 96 5
88 3 90
88 67 31
92 2 99
24 83 87
95 6 86
44 1 26
17 25 48
7 42 14
92 16 96
81 25 93
47 12 1
69 43 75
75 4 94
92 7 97
88 46 86
73 5 77
71 29 67
70 40 90
68 19 96
31 100 87
73 2 82
40 92 83
87 12 87
97 45 74
94 49 89
79 14 73
53 82 74
74 78 34
37 27 3
1 98 67
