100 100 100
200
42 48 50
80 17 94
53 76 96
71 11 67
100 73 30
84 1 82
61 72 88
73 42 91
76 75 26
86 44 96
19 19 49
81 2 99
82 81 83
72 17 68
68 5 72
80 21 77
40 99 85
87 76 91
88 44 100
92 24 76
14 94 81
72 41 85
8 24 17
42 45 30
24 4 1
77 50 98
71 2 74
96 50 71
24 78 79
90 80 85
94 4 67
86 22 67
91 67 37
85 30 89
78 29 100
90 45 93
74 9 97
88 68 8
79 31 76
76 42 92
3 35 12
85 21 78
89 73 20
95 67 5
72 39 72
53 95 54
99 23 90
89 11 73
33 77 76
66 22 83
86 42 90
92 48 87
27 4 15
26 73 74
72 15 66
92 17 77
80 35 66
8 76 83
97 15 94
95 91 33
84 18 84
80 24 69
39 14 36
30 72 98
99 7 88
30 45 31
66 12 81
97 46 67
81 46 68
95 16 66
18 88 80
31 94 88
46 24 38
86 39 86
77 18 99
92 34 68
100 97 9
46 98 94
74 13 98
71 97 11
85 99 31
97 27 100
96 18 94
77 25 81
26 11 33
67 7 91
88 47 78
70 30 67
98 11 84
98 17 68
21 30 9
70 20 79
86 5 90
98 15 66
31 70 77
89 62 67
76 36 82
36 88 70
96 31 85
95 7 97
79 28 90
56 55 80
82 22 91
51 82 66
71 97 21
70 23 73
94 20 83
80 100 6
77 11 80
94 32 92
71 30 79
76 68 14
86 31 83
8 87 90
12 6 42
73 14 75
67 10 100
95 21 66
79 41 74
97 28 72
21 45 39
69 72 28
98 42 72
69 23 96
70 20 84
72 61 66
77 9 92
100 96 35
71 20 70
36 18 16
31 82 86
100 4 83
100 45 79
88 9 97
71 1 95
29 91 96
30 69 95
77 30 67
87 14 70
100 26 73
70 38 89
97 12 81
66 2 93
79 28 93
75 36 78
61 77 87
79 33 92
77 10 94
71 48 99
97 15 85
66 84 96
78 13 68
87 49 93
83 15 69
86 29 84
69 46 75
96 49 90
81 24 92
83 29 91
70 22 93
67 2 77
71 79 12
95 76 46
90 91 45
96 68 9
89 79 45
77 70 75
100 39 68
66 44 91
61 72 62
99 20 75
75 48 75
88 38 87
94 33 92
32 29 20
100 34 80
63 71 92
84 20 99
67 39 79
54 94 99
74 16 91
85 91 88
66 17 79
67 50 98
80 74 15
77 7 84
70 26 95
69 23 70
90 27 73
77 73 2
95 3 83
63 88 99
66 29 85
74 99 8
75 79 5
60 71 88
56 73 99
97 15 90
34 99 66
81 11 69
