100 100 100
100
34 94 83
8 74 93
23 70 91
92 82 39
79 95 32
71 83 45
43 75 99
70 28 87
10 71 96
14 16 41
7 89 95
89 6 100
21 92 97
74 19 85
86 98 20
1 13 26
36 89 74
91 9 73
33 68 74
68 61 63
6 1 9
70 19 90
46 85 82
12 3 20
30 72 86
13 71 98
83 70 3
28 84 78
97 83 32
34 97 80
40 69 92
21 93 92
44 99 68
41 82 83
2 70 88
3 5 35
67 69 78
48 78 72
24 70 77
12 73 99
95 73 30
72 31 79
31 73 84
24 69 85
40 100 79
95 57 71
41 66 94
79 41 94
3 86 87
84 2 68
26 67 93
38 81 67
41 80 77
30 66 69
42 78 67
1 89 100
81 74 21
26 74 83
71 100 47
50 84 71
37 88 77
85 66 33
31 2 30
32 96 98
78 3 87
18 23 39
12 76 86
72 48 79
24 44 17
29 87 94
28 50 34
27 86 95
80 91 20
88 13 94
68 78 60
95 83 26
72 78 47
16 6 6
84 86 71
87 68 15
78 75 15
26 88 66
42 69 84
11 83 78
12 78 97
76 41 72
44 90 76
49 78 90
13 88 89
22 84 81
41 86 97
82 93 62
11 74 87
73 23 69
45 75 96
97 34 85
58 67 92
44 17 7
30 5 24
54 92 98
