100 100 100
100
2 67 86
70 61 89
60 97 99
44 12 48
23 83 89
93 43 77
66 50 73
9 98 79
71 73 2
39 76 81
90 82 39
34 97 75
80 75 31
36 97 88
89 81 69
69 6 72
98 45 91
89 87 72
21 99 98
92 31 68
28 85 87
28 74 94
35 76 70
43 71 88
37 70 74
29 16 19
69 78 45
50 26 28
25 96 79
98 40 88
74 72 26
56 80 87
83 61 89
43 76 88
94 14 70
64 84 72
86 50 99
89 57 77
22 89 94
74 92 16
31 79 80
69 75 48
23 90 78
38 78 74
48 79 79
18 92 74
42 92 69
12 72 86
31 29 48
21 93 93
41 69 99
15 92 83
1 26 3
20 67 76
42 69 84
46 86 88
26 85 97
4 94 98
31 92 69
10 41 27
48 77 89
10 97 73
76 93 17
37 76 77
48 97 76
49 92 84
2 79 88
20 75 96
33 97 76
47 69 67
18 94 70
28 21 20
98 73 31
70 7 85
7 79 70
33 80 79
68 8 89
19 71 92
16 90 97
4 97 79
15 49 8
42 85 85
27 18 33
13 4 4
24 99 72
35 83 75
14 84 98
37 89 71
9 87 94
44 86 67
5 70 69
35 83 73
72 76 48
29 83 79
78 78 88
92 62 82
71 36 92
22 2 2
88 86 99
45 73 92
