100 100 100
100
36 66 93
82 13 99
50 63 52
32 90 86
23 88 98
95 25 98
39 87 68
49 5 10
36 2 22
7 40 4
44 90 79
78 68 78
47 91 81
83 85 50
16 83 67
79 78 74
80 7 82
71 91 59
97 11 75
27 86 70
2 78 73
42 76 99
13 74 79
9 76 92
47 6 8
21 34 3
25 40 41
12 89 79
37 72 100
38 75 91
36 71 97
48 70 67
27 78 77
19 29 8
11 66 67
60 96 56
89 15 98
19 88 86
40 91 85
98 82 6
35 87 85
67 74 16
31 92 72
73 38 78
18 79 90
48 98 74
42 94 98
34 86 87
17 74 69
33 80 79
17 18 20
31 88 81
35 96 84
44 90 91
26 69 76
22 79 93
40 15 14
34 82 92
33 88 78
44 86 77
44 77 71
77 87 87
94 83 23
71 40 77
30 81 77
33 79 83
32 94 97
8 42 14
75 90 50
70 54 60
26 68 69
12 88 81
36 44 23
99 57 81
35 91 68
1 78 99
68 44 81
49 76 97
46 71 70
16 80 96
35 92 93
70 58 65
13 79 97
1 34 28
24 67 86
19 67 94
40 48 46
43 95 82
17 90 71
24 86 89
25 91 75
97 22 80
88 88 36
83 81 100
63 79 57
98 88 99
78 2 91
48 100 71
63 70 95
15 69 67
