100 100 100
100
39 74 90
19 96 83
38 72 90
46 85 90
78 9 85
20 80 90
88 100 21
14 76 79
13 77 79
47 80 99
66 71 67
13 96 79
22 91 76
9 70 96
82 34 73
94 6 70
77 85 99
34 12 38
42 93 77
39 74 100
1 87 99
28 74 74
69 71 85
98 95 56
15 86 99
73 98 49
36 99 88
49 81 69
23 95 79
91 77 36
35 72 68
24 81 88
7 93 87
48 100 67
19 26 30
77 46 71
40 79 76
41 97 89
97 78 44
75 90 32
88 92 98
16 16 7
30 87 94
88 35 84
47 94 88
37 85 81
42 16 23
7 70 79
65 77 92
31 69 89
7 70 89
73 73 2
88 86 73
11 66 77
9 84 72
44 12 27
38 74 69
43 77 67
69 73 84
41 87 84
50 88 99
56 68 85
85 50 82
17 98 92
6 85 78
47 93 88
5 78 72
28 67 88
70 45 82
68 31 93
27 78 95
64 84 89
3 95 78
2 76 83
25 74 88
93 27 74
98 21 86
89 84 96
12 96 80
14 81 81
19 96 70
13 91 86
33 90 99
40 67 94
37 92 76
71 67 17
37 90 85
36 88 87
22 93 89
27 87 96
10 72 87
12 87 68
8 80 89
24 100 87
32 74 95
15 49 34
40 71 77
1 82 69
99 42 94
13 86 85
