100 100 100
100
41 69 100
23 50 41
47 91 66
9 93 95
76 94 95
24 72 81
34 17 13
26 88 80
91 77 88
40 99 97
95 41 95
37 100 68
83 5 72
27 86 90
45 66 68
40 79 75
33 94 99
45 92 69
71 71 8
77 98 19
47 97 91
13 96 83
74 38 97
86 69 18
50 79 85
36 99 84
48 84 86
35 86 70
10 84 80
45 35 12
33 86 73
78 93 15
40 5 48
86 32 89
83 80 19
18 68 100
10 77 78
12 2 13
23 76 67
53 52 87
10 79 69
39 89 99
28 41 44
29 29 22
25 10 34
97 8 77
43 79 82
89 100 14
46 84 92
30 92 100
48 83 76
14 92 96
54 72 61
27 90 99
76 18 81
15 72 80
37 85 75
81 40 76
20 89 70
99 97 74
7 77 93
19 50 30
77 100 99
34 82 83
93 65 70
12 94 92
25 96 83
49 86 81
26 83 70
2 69 93
25 89 75
29 70 99
19 73 89
30 83 83
99 1 86
34 90 85
71 97 45
16 98 90
27 8 2
13 93 77
4 66 83
31 19 2
4 100 100
52 85 63
94 69 20
24 68 69
33 96 83
92 61 76
28 10 41
29 89 69
44 77 88
8 76 90
99 90 100
24 84 72
27 16 18
18 83 70
43 97 97
78 81 86
10 89 97
10 67 79
