100 100 100
100
42 77 97
88 43 73
68 19 66
23 88 76
22 81 71
29 100 73
31 90 93
91 32 94
14 71 97
30 84 82
1 91 80
83 92 86
89 97 53
90 77 62
36 87 74
37 74 69
48 73 96
7 80 88
1 83 68
14 86 79
79 83 17
49 82 70
8 86 95
4 94 74
70 100 45
43 78 75
69 70 5
20 90 72
46 95 94
50 92 67
32 87 79
79 69 9
22 75 83
3 83 98
96 15 72
23 72 95
29 76 91
72 81 46
40 98 99
50 72 85
21 69 85
13 84 75
29 11 46
14 94 83
76 74 70
67 59 79
52 91 52
97 29 76
11 16 40
73 6 75
68 85 37
6 77 74
23 87 84
42 78 85
81 25 77
89 62 90
35 74 80
10 80 86
75 90 39
77 90 39
13 88 86
26 4 45
41 12 2
50 45 18
11 92 69
26 96 97
57 57 80
90 69 73
28 73 80
25 95 92
99 99 26
11 85 96
36 87 99
96 49 72
4 74 71
91 84 32
11 81 85
85 92 32
41 86 75
96 94 39
38 22 45
85 21 94
24 76 79
19 74 75
97 94 5
59 89 55
85 3 94
87 76 81
82 71 87
76 93 59
31 93 100
5 66 78
7 74 79
85 81 96
21 96 82
20 96 68
45 66 95
8 94 66
18 77 66
98 49 74
