100 100 100
100
44 84 72
32 82 91
12 93 100
38 96 81
83 74 37
33 69 99
99 12 85
3 9 42
40 10 36
23 68 80
38 92 99
36 95 82
1 44 21
14 82 66
26 84 81
33 70 74
89 1 69
18 90 94
96 100 69
27 75 75
40 93 86
34 81 79
25 75 92
1 85 84
17 89 95
49 26 37
71 78 43
6 95 96
66 84 22
2 70 66
30 19 14
8 81 71
72 70 53
31 75 73
45 71 86
29 89 66
49 74 70
73 31 85
6 84 72
46 81 82
88 59 98
38 92 97
56 87 90
48 88 76
82 39 96
8 95 80
42 99 66
24 79 69
23 94 92
27 69 86
29 86 72
49 96 76
19 91 91
8 90 95
73 69 49
10 100 79
74 85 28
18 88 95
7 90 97
28 92 92
20 77 80
32 99 96
91 88 45
19 84 77
40 95 94
54 88 75
78 75 9
40 67 90
29 76 68
49 73 92
22 75 93
96 87 44
2 77 87
70 95 67
45 16 9
17 79 83
97 2 79
33 85 83
96 3 72
10 71 70
90 87 28
18 67 92
45 26 5
7 18 40
24 83 79
27 69 67
26 96 92
15 7 20
79 15 71
71 98 66
15 3 8
1 90 100
31 88 98
25 99 90
58 53 98
23 75 79
46 69 80
10 77 100
29 66 69
5 77 91
