100 100 100
100
47 92 69
37 30 13
20 16 10
2 91 97
23 68 92
38 97 91
26 35 45
18 75 86
17 100 68
15 88 100
22 92 84
11 98 72
26 77 81
31 97 71
15 70 75
30 77 68
94 74 71
28 78 66
10 96 71
84 98 28
37 79 77
20 42 44
98 64 78
49 87 70
35 67 66
88 93 31
34 99 82
43 99 98
92 7 86
97 72 38
29 15 5
34 92 80
35 92 67
70 66 32
3 89 99
34 70 96
20 73 71
25 100 100
23 83 81
43 89 78
46 96 81
10 99 73
91 50 68
100 15 82
13 71 71
47 82 75
82 79 49
47 48 41
38 81 98
85 93 21
52 84 70
39 31 24
14 96 99
23 78 81
78 84 27
85 68 13
32 74 68
27 95 70
77 46 76
23 81 99
26 88 73
39 98 76
76 68 71
79 92 91
16 24 25
5 76 71
99 94 19
10 87 94
29 66 90
24 87 91
21 85 72
28 67 79
19 91 97
18 42 26
35 97 89
89 23 70
69 29 84
97 29 80
20 76 70
8 84 90
94 43 85
87 74 14
15 97 82
46 81 91
37 73 69
29 6 15
95 78 41
8 15 33
44 80 89
37 48 39
50 67 78
46 45 8
74 68 24
26 84 76
8 95 69
23 88 89
48 43 41
57 53 92
37 77 96
3 34 1
