100 100 100
100
47 87 79
43 69 81
27 95 76
17 99 67
22 96 68
44 26 4
24 92 82
32 87 99
96 56 97
6 72 98
9 81 68
85 67 11
2 76 77
74 66 47
5 40 32
26 13 33
45 78 86
39 88 84
14 4 32
2 14 49
56 77 60
92 66 28
94 34 75
48 78 92
2 91 73
14 71 73
44 72 80
27 92 87
4 84 99
9 5 12
92 62 92
13 69 67
18 11 8
38 93 92
12 25 23
40 75 90
40 26 25
46 75 67
80 66 87
39 75 98
6 75 84
80 27 95
26 76 91
19 9 30
41 85 70
82 22 71
43 72 85
72 93 34
80 83 71
24 81 72
10 89 68
97 100 41
80 5 83
39 67 68
25 75 79
3 93 66
31 85 74
78 74 63
44 91 77
19 83 82
35 77 67
45 98 67
68 67 62
2 74 83
52 59 86
20 22 20
84 37 90
99 11 99
50 97 55
88 77 31
21 73 99
11 69 77
90 49 73
46 89 96
26 79 87
50 68 81
25 100 90
50 72 76
35 100 67
7 84 86
44 73 98
5 82 100
36 72 95
64 63 77
49 97 93
32 82 77
21 84 66
2 79 97
48 82 94
39 45 42
64 87 91
72 69 18
28 82 88
26 91 96
88 82 24
26 90 88
96 99 1
17 77 85
48 66 99
76 55 59
