100 100 100
100
50 95 76
48 92 100
35 78 76
29 71 71
22 20 18
69 94 41
76 30 87
64 88 63
20 94 86
48 92 83
43 41 15
10 93 86
29 76 95
18 81 82
46 88 76
78 80 12
12 92 83
67 75 52
82 36 74
14 87 72
32 75 95
71 17 73
20 87 73
46 80 66
20 81 67
23 73 87
7 93 67
14 96 89
38 72 66
14 87 77
81 10 66
39 80 88
48 86 98
67 14 78
100 65 60
45 21 37
59 61 68
16 24 32
6 91 86
98 28 94
79 100 20
74 19 83
25 94 78
4 84 69
20 100 80
90 87 61
65 58 87
40 77 93
17 91 98
97 10 82
50 48 9
22 73 69
5 42 1
6 90 89
8 90 87
78 11 95
29 74 79
46 98 89
79 92 31
16 84 89
41 88 95
4 97 82
3 22 24
20 92 98
21 94 74
34 91 80
32 96 77
53 82 100
67 94 25
23 91 67
85 83 20
45 84 97
77 95 30
27 85 85
76 12 72
87 97 36
47 72 83
34 78 73
61 50 75
70 97 13
30 89 75
24 89 87
6 8 27
25 100 72
12 87 83
34 82 88
91 74 100
45 72 67
5 85 77
42 84 94
76 88 33
84 34 86
3 97 71
29 76 94
45 82 68
93 48 98
87 95 58
20 94 83
6 49 8
48 92 98
