100 100 100
200
66 77 42
52 83 69
94 67 100
97 94 15
2 78 89
31 35 33
84 89 20
75 75 70
36 42 44
69 75 41
98 77 1
77 90 18
93 86 20
83 80 21
10 95 91
78 99 36
84 96 41
69 80 52
97 75 62
72 6 78
40 37 5
85 53 54
36 32 41
8 35 4
34 48 35
94 68 22
87 89 13
68 73 4
88 89 40
100 28 66
88 98 8
3 18 1
92 92 15
74 86 1
73 81 67
78 69 41
94 74 3
10 97 98
67 73 37
100 74 17
7 13 22
95 85 34
100 75 44
30 42 41
77 89 48
58 65 64
67 70 16
76 35 74
19 72 77
71 62 52
80 73 29
99 95 75
91 97 39
2 96 66
89 54 58
85 90 24
29 75 68
40 99 77
89 88 13
24 26 33
5 88 66
16 38 43
15 46 40
99 76 8
71 86 26
76 99 43
88 87 30
90 52 82
26 86 87
19 12 3
66 97 12
80 96 41
14 50 28
94 72 25
90 67 12
100 75 48
45 48 11
26 38 44
96 29 83
100 68 13
95 85 21
89 71 49
2 94 93
78 88 50
71 72 9
76 74 48
84 91 46
79 16 90
71 39 96
53 97 83
41 8 25
72 16 86
73 61 68
97 49 76
76 98 37
69 63 58
83 67 38
80 99 39
30 39 34
88 60 68
96 30 84
90 86 18
91 66 50
90 1 83
82 100 19
73 92 45
78 83 49
43 91 72
89 71 45
95 82 37
77 92 26
35 5 2
69 76 29
22 76 77
44 70 86
93 69 15
70 68 25
88 96 20
98 92 22
56 80 67
73 86 23
85 86 38
94 40 78
83 78 31
89 71 13
92 93 43
74 79 73
100 69 31
75 82 50
20 36 34
94 99 30
81 78 79
48 21 28
76 83 26
78 91 37
82 71 4
88 77 10
76 92 41
65 94 91
66 8 73
79 66 78
91 74 41
70 86 66
92 81 16
94 77 4
96 13 67
100 91 11
71 75 32
85 93 6
80 99 49
87 81 21
78 84 9
92 91 25
26 5 36
38 19 33
66 77 3
86 94 37
93 83 15
84 80 10
85 91 5
61 98 59
31 46 36
67 99 48
97 85 29
81 68 11
81 71 31
94 10 89
10 96 71
86 18 83
67 98 58
73 77 6
67 86 5
93 66 19
86 67 5
85 74 40
73 28 99
50 64 90
84 48 78
27 11 23
89 76 2
79 78 30
50 95 58
84 94 10
71 92 37
6 78 99
24 77 70
40 12 41
92 87 46
93 92 8
71 76 48
98 92 11
75 73 20
89 68 50
6 32 10
92 100 21
82 87 39
55 74 73
55 66 96
75 69 41
82 70 49
