100 100 100
200
77 85 13
66 9 100
73 77 19
6 24 22
71 66 41
73 75 13
95 96 10
72 97 32
77 89 42
99 98 44
4 70 68
100 86 48
7 4 29
57 51 81
83 45 79
71 72 2
97 60 70
58 62 60
92 27 66
95 93 12
90 69 48
87 78 39
80 88 39
59 94 69
43 48 46
15 48 35
96 97 5
30 42 34
81 90 2
69 91 37
87 66 22
88 29 89
74 81 1
83 92 6
92 70 4
81 77 17
97 72 46
66 5 87
10 9 39
87 81 4
98 44 80
80 94 8
87 22 98
74 73 45
61 64 71
73 66 36
93 84 39
96 94 11
97 100 38
90 100 49
77 75 30
83 77 46
21 38 17
42 97 96
16 96 98
10 99 82
79 86 42
66 84 27
29 80 72
34 93 84
71 100 33
71 94 33
42 5 29
87 91 42
81 70 25
70 78 35
86 90 27
98 95 2
77 84 16
94 89 16
66 99 35
76 73 26
12 32 39
99 79 1
33 50 27
68 72 9
83 84 77
99 91 50
60 63 53
100 74 17
25 81 79
71 66 69
87 83 47
85 74 16
93 70 17
100 68 6
69 85 18
77 84 36
92 75 6
75 69 11
5 45 50
81 69 9
85 69 34
83 87 26
81 69 37
60 91 78
99 74 32
68 71 34
82 95 18
87 73 34
85 69 46
77 81 36
97 84 31
80 83 10
18 70 87
79 99 19
91 91 21
98 67 9
88 74 23
93 98 43
100 77 7
71 80 35
74 92 10
78 95 34
21 88 89
80 69 25
94 74 2
83 79 31
25 66 79
18 77 87
73 74 35
42 15 8
99 94 46
68 95 43
92 92 42
81 68 14
36 97 77
96 69 17
87 84 18
89 66 13
92 97 24
87 75 40
23 89 96
68 84 55
71 70 31
97 83 35
91 82 56
42 28 23
84 70 47
23 14 21
81 87 17
19 11 17
66 82 24
32 92 82
87 75 38
87 12 88
93 50 67
22 95 96
60 60 74
87 100 29
71 53 78
53 97 58
40 95 71
88 95 25
96 79 6
76 16 72
88 56 83
95 97 89
45 45 3
97 84 79
78 77 19
73 44 86
86 99 21
97 82 45
83 5 90
75 1 82
83 77 40
93 84 18
27 77 78
95 63 69
74 94 14
96 70 30
85 95 27
70 84 31
8 84 96
87 99 45
86 46 99
85 82 27
99 91 18
82 79 27
87 68 50
15 69 87
91 29 88
88 67 35
85 80 11
92 10 92
73 68 66
67 70 9
11 38 6
67 70 46
11 3 13
55 82 76
93 92 42
99 79 8
90 73 24
85 91 28
37 32 24
58 72 61
73 90 12
95 76 22
