100 100 100
200
98 70 92
71 76 48
66 81 29
42 90 70
3 8 5
75 87 19
95 26 79
77 99 18
77 66 10
70 94 2
18 46 25
95 86 71
49 85 89
94 96 20
88 80 13
69 72 14
88 82 75
91 66 98
91 99 3
53 79 95
36 97 94
86 30 76
1 98 88
62 89 50
66 82 30
5 16 19
47 74 96
99 78 30
80 78 6
69 66 35
81 100 48
75 90 48
75 16 81
27 43 46
89 40 76
92 86 17
94 72 42
96 72 22
68 71 15
88 83 44
79 22 97
78 93 26
75 71 49
74 93 29
70 68 37
68 72 28
48 18 35
83 73 17
88 95 32
77 75 25
71 74 36
99 28 99
5 66 86
71 73 23
50 29 25
36 25 32
68 86 14
88 95 31
66 88 11
73 93 19
97 15 95
92 98 9
20 35 33
76 20 77
100 77 31
81 100 47
73 70 41
71 67 20
89 77 10
98 32 93
94 73 49
48 75 84
80 100 31
72 67 43
86 84 13
76 70 49
64 60 87
86 96 50
83 99 100
94 80 19
100 67 4
72 67 35
23 69 94
86 69 40
73 96 43
27 87 85
100 74 14
98 90 24
100 66 48
99 51 64
90 88 16
83 95 13
43 93 67
82 96 38
69 97 25
66 92 95
71 70 48
82 82 28
95 51 59
17 69 89
12 29 38
44 91 68
68 89 33
60 61 65
86 73 25
76 88 59
75 74 45
86 93 45
77 99 43
4 91 68
73 59 51
80 82 23
69 77 18
32 96 66
83 80 33
77 79 5
10 2 24
88 84 5
19 39 45
69 89 27
70 88 17
18 1 18
95 79 34
94 40 91
76 96 16
76 96 6
67 96 43
96 89 13
79 51 73
68 69 31
15 17 6
10 77 74
71 73 5
88 77 31
5 37 13
75 98 13
66 9 78
81 75 15
18 32 21
39 48 31
30 89 86
68 98 27
94 1 72
100 97 5
94 81 24
94 2 66
79 96 31
81 92 49
98 99 89
70 44 88
99 68 39
79 9 78
92 97 33
76 93 47
91 74 20
73 95 10
98 92 93
91 89 40
66 81 25
75 69 37
90 11 94
73 51 97
23 47 23
69 76 31
91 3 82
67 98 8
82 89 28
70 71 46
45 91 70
84 76 14
43 98 90
88 81 32
93 77 60
85 80 19
46 31 38
95 10 77
89 10 88
50 75 95
41 73 67
90 85 29
92 98 4
43 86 85
97 81 41
80 94 9
29 37 35
74 40 90
68 68 30
67 99 25
79 83 36
73 73 42
84 67 11
69 17 89
69 74 32
31 42 10
84 82 63
96 100 32
49 42 8
74 67 29
69 95 22
96 7 87
