100 100 100
200
84 17 89
81 76 7
12 4 34
76 97 6
91 77 15
68 86 89
14 49 7
40 75 92
75 54 66
88 95 50
97 79 69
81 85 47
96 85 49
83 76 20
69 78 27
96 67 45
100 88 6
38 12 22
36 1 10
77 68 22
68 71 10
2 66 86
82 86 36
95 36 70
94 37 71
14 83 68
62 57 85
84 82 5
94 11 80
97 68 10
75 78 39
76 66 44
92 74 46
71 69 40
67 90 34
50 88 85
95 71 30
73 81 5
70 93 42
100 91 20
82 70 31
72 88 19
74 89 1
89 88 20
29 50 27
94 94 28
78 78 3
91 69 11
93 86 60
100 99 15
77 76 77
1 93 77
74 72 79
93 96 17
33 34 1
78 83 41
55 75 63
77 67 6
91 89 10
95 9 73
83 88 13
84 97 24
93 94 59
87 78 37
26 36 37
85 67 2
94 89 1
71 87 24
84 79 42
98 76 22
88 83 35
70 74 65
67 79 31
6 75 84
81 67 15
98 99 1
56 95 76
61 64 78
70 69 18
87 81 26
53 63 59
91 74 22
83 80 46
72 72 31
76 86 28
94 87 23
82 91 33
71 83 37
72 69 31
23 40 45
70 37 88
83 85 26
16 18 28
68 81 49
73 22 69
76 71 16
8 47 9
97 36 91
66 56 95
98 86 49
86 89 8
47 17 49
19 85 97
75 93 34
76 73 70
81 95 40
85 99 42
70 65 98
89 91 40
92 78 22
99 90 11
68 84 92
100 86 85
98 70 24
91 66 19
85 78 46
23 89 85
75 18 89
67 85 19
96 87 11
68 68 14
87 100 49
95 70 29
94 96 34
32 49 20
96 86 20
69 68 45
94 58 98
36 35 15
82 84 29
87 87 89
76 72 28
73 66 31
76 82 35
91 72 42
67 79 23
78 53 94
85 82 42
31 29 37
98 89 23
100 79 2
81 98 14
93 85 19
74 77 43
95 84 45
23 70 78
92 77 4
90 73 17
15 99 93
96 68 28
50 66 78
81 95 48
79 14 82
80 32 72
100 100 4
93 31 96
100 79 40
90 41 82
2 83 91
87 93 20
79 80 12
78 19 90
71 6 77
98 31 69
79 74 22
85 76 81
21 82 88
97 82 28
30 83 91
69 81 20
94 85 25
54 52 77
86 84 44
85 20 89
68 2 85
36 41 28
48 77 84
27 3 1
69 86 50
90 95 3
69 37 69
74 77 19
88 69 19
67 97 30
78 77 32
54 80 62
79 98 20
66 100 5
66 96 13
99 81 37
71 78 12
97 82 47
95 93 15
93 53 76
76 89 4
88 79 26
72 91 16
12 4 38
76 97 2
76 95 4
