100 100 100
200
81 87 32
90 98 15
21 83 70
66 93 1
97 45 86
89 84 42
95 91 1
69 80 83
80 95 43
79 62 54
96 17 79
88 89 11
97 84 40
31 15 21
29 48 44
87 75 23
96 66 14
99 74 38
100 89 14
40 92 88
99 93 37
92 100 30
67 75 6
4 89 92
88 96 23
90 96 10
70 68 28
80 87 31
86 78 43
21 81 76
68 80 29
35 78 89
18 88 100
69 46 77
81 86 23
8 17 16
83 81 17
24 16 39
71 44 80
76 100 47
42 41 11
67 96 9
72 85 4
68 82 8
92 74 16
84 22 69
66 79 76
98 87 4
67 70 47
89 99 6
87 77 47
69 77 39
65 58 93
67 85 14
85 90 30
93 52 68
100 86 45
76 71 80
68 14 73
69 96 44
25 100 82
87 97 40
85 67 76
99 97 3
58 87 66
90 80 6
91 72 12
72 21 69
80 70 23
97 89 7
60 98 79
75 92 37
88 92 32
99 70 32
77 72 16
74 14 97
9 29 11
98 83 11
75 93 20
1 93 92
86 28 74
74 82 10
74 90 4
53 63 53
78 75 12
92 3 95
70 50 54
59 94 77
66 71 11
25 37 48
96 74 49
94 74 36
100 32 92
48 88 79
78 96 2
79 85 27
81 100 19
99 94 5
100 83 29
67 67 31
92 30 72
66 77 39
87 42 75
67 87 9
83 8 78
67 91 36
82 78 38
41 75 98
100 84 38
79 87 38
93 72 4
54 72 53
34 31 41
85 90 33
95 57 83
69 88 34
93 93 19
75 1 74
93 87 44
80 70 71
100 70 10
70 83 27
96 74 23
70 88 34
74 66 23
86 73 52
93 99 50
99 6 91
87 94 23
85 12 93
97 98 11
83 87 65
55 65 80
15 13 40
91 18 78
95 94 32
93 76 28
54 56 98
76 72 2
96 72 16
76 80 10
81 99 50
81 95 33
94 26 70
95 100 15
66 74 4
94 82 26
100 30 86
92 96 12
86 88 42
15 88 81
15 10 17
79 85 50
73 82 16
98 90 41
100 74 23
66 72 41
88 79 37
89 84 8
77 71 2
5 80 94
12 89 89
97 87 22
70 92 34
89 89 5
98 94 11
94 93 90
67 80 13
81 34 66
76 75 27
69 94 7
34 84 86
38 6 6
34 81 81
94 77 33
93 83 36
68 96 4
88 97 34
78 98 39
91 9 93
47 42 3
72 61 89
48 91 83
88 99 2
71 8 98
93 90 25
17 49 9
99 77 34
87 75 41
49 18 31
92 88 12
16 16 9
75 99 47
86 59 69
21 23 23
67 92 19
91 70 99
49 90 98
5 13 33
25 95 92
