100 100 100
200
79 95 46
77 98 22
74 66 45
90 100 47
90 99 36
49 89 69
84 44 69
99 86 42
42 50 10
50 46 37
25 67 99
75 59 79
87 72 28
95 95 21
88 84 10
39 35 4
28 80 98
91 85 7
70 66 21
57 74 85
73 67 13
83 86 15
48 28 29
75 79 18
4 86 72
97 75 6
73 89 15
77 91 6
77 66 12
91 88 66
97 81 20
91 89 35
50 8 25
68 87 31
94 69 11
78 76 41
84 80 5
44 100 74
69 84 61
88 73 23
5 74 97
84 68 2
43 25 6
20 22 49
98 29 66
81 93 97
77 98 42
94 83 46
92 92 28
83 78 68
77 79 3
94 97 7
73 92 1
14 73 70
90 70 6
71 76 8
98 75 37
24 70 80
93 90 7
91 97 33
31 88 75
79 96 5
27 6 12
87 80 18
91 88 48
24 82 81
77 100 100
53 65 58
30 42 5
97 80 41
87 81 6
92 95 17
30 83 74
90 78 3
81 98 82
96 76 4
94 71 11
92 77 18
79 71 23
97 71 37
50 92 86
69 61 92
99 66 11
89 79 14
81 100 47
89 88 48
80 79 22
54 58 82
96 86 44
83 73 50
76 78 41
71 99 49
100 67 45
95 62 100
70 84 43
81 98 35
68 44 70
22 21 43
18 94 83
70 39 96
81 51 68
75 66 60
91 66 14
95 15 70
88 87 45
89 41 98
80 68 35
68 78 50
89 76 35
77 97 7
39 76 99
98 69 34
66 66 27
96 99 41
73 97 44
77 99 25
86 48 90
9 70 93
26 78 68
69 84 28
98 73 7
77 79 8
96 40 75
70 79 35
97 92 25
77 79 45
95 71 4
46 100 84
67 46 100
2 2 24
79 67 38
84 86 11
90 99 36
76 81 44
92 100 45
87 87 40
84 67 50
19 72 88
74 74 18
83 18 73
86 70 21
94 87 37
80 44 93
68 96 18
73 68 36
75 77 11
72 98 49
74 94 2
64 69 51
17 17 7
86 6 85
2 71 87
21 90 74
77 71 26
2 49 27
20 70 89
91 99 41
32 86 66
72 86 24
66 83 35
67 79 7
95 85 24
87 76 46
21 2 37
100 68 35
35 75 87
83 79 20
24 31 47
76 91 2
84 68 33
80 81 42
71 92 5
79 42 67
96 81 11
86 98 30
69 96 47
80 93 15
90 88 16
76 76 27
91 67 2
94 98 28
70 70 26
69 67 26
98 30 95
98 76 27
74 82 17
76 99 49
98 90 12
54 67 100
80 86 24
79 49 93
84 91 24
11 11 30
70 73 10
40 78 79
94 21 96
68 86 73
97 79 7
2 78 81
70 73 9
