100 100 100
200
63 73 80
86 85 30
53 51 78
68 73 42
1 92 72
68 81 17
100 94 99
86 98 50
83 66 26
43 20 48
67 68 23
92 84 40
88 71 19
71 46 87
51 62 66
51 78 60
80 71 98
72 72 23
74 79 27
85 69 32
24 89 72
75 73 1
83 87 1
89 82 33
98 75 14
35 6 1
75 97 3
96 84 32
92 90 30
98 96 35
20 13 10
90 97 78
86 70 41
39 79 96
86 82 89
69 8 97
63 59 57
87 75 6
74 99 27
99 82 48
77 88 20
79 76 42
81 99 11
74 83 37
91 68 45
88 69 32
48 6 13
66 66 39
41 80 70
66 76 37
43 92 73
80 93 69
74 73 5
30 85 92
82 84 33
97 66 16
22 86 73
77 78 29
70 90 3
77 87 19
78 100 29
70 96 21
30 45 7
99 99 32
73 91 3
99 83 15
97 74 35
73 75 36
83 98 38
96 93 26
80 92 43
87 74 50
46 96 85
68 73 23
23 72 96
72 71 5
86 72 95
75 70 24
84 83 25
91 71 43
95 74 34
76 85 33
90 76 17
74 83 4
83 77 31
87 89 8
36 42 40
35 7 30
64 92 91
95 75 3
90 95 34
79 58 54
39 11 2
94 80 32
75 83 31
84 100 46
91 42 90
26 94 87
94 83 26
97 100 50
82 74 16
93 86 22
94 98 7
87 74 10
92 83 1
75 82 31
89 94 33
91 82 59
100 24 88
76 83 23
68 3 77
93 81 5
89 22 99
26 9 50
37 84 71
96 74 15
78 79 14
44 70 78
97 80 43
97 83 13
13 27 1
30 7 38
97 69 14
86 54 50
84 94 30
96 82 10
44 34 9
67 85 41
83 2 98
67 85 23
72 82 14
71 70 26
93 81 13
100 22 94
92 96 23
99 55 51
97 41 93
99 78 19
16 22 33
31 6 1
2 24 29
71 88 23
80 9 72
76 77 5
3 9 6
73 81 17
86 68 19
84 76 21
100 79 49
52 51 80
98 3 88
73 76 6
26 6 17
47 49 35
70 94 12
92 88 36
93 74 50
85 92 34
27 29 39
79 73 15
90 79 29
74 80 8
66 87 21
83 13 94
87 83 16
71 67 16
71 83 34
70 87 62
35 84 74
68 97 42
25 22 26
92 87 30
99 94 29
95 82 25
77 95 26
91 36 85
70 89 25
91 92 49
45 21 16
2 76 87
72 83 2
5 10 31
74 97 59
84 92 47
23 82 98
89 50 85
74 70 38
96 67 43
25 67 96
70 15 98
100 74 13
78 95 36
81 77 12
95 88 8
75 95 6
48 17 6
19 12 40
74 35 85
71 81 42
84 45 97
