100 100 100
200
80 81 89
96 85 39
44 91 69
92 68 36
95 51 61
70 86 4
72 94 31
46 74 99
54 58 100
73 75 8
93 68 50
47 87 85
90 71 9
35 36 22
84 67 41
97 28 78
74 72 38
32 83 77
79 79 34
27 92 97
66 98 18
44 16 36
79 87 22
67 72 49
79 100 8
42 90 92
66 13 77
23 38 7
83 66 47
68 98 12
17 11 1
71 89 26
55 57 73
88 70 20
86 95 38
84 74 42
73 77 32
87 84 41
76 98 4
88 90 24
97 74 88
73 71 35
58 69 79
89 78 26
85 95 35
79 91 32
88 83 31
9 42 31
94 67 43
19 45 27
93 94 14
19 66 72
99 78 8
85 73 3
87 76 11
99 69 25
95 10 78
66 73 4
95 91 2
87 88 8
76 88 17
97 95 36
84 61 99
75 12 92
34 50 7
68 32 90
83 93 45
28 72 70
78 43 70
73 78 96
74 67 27
69 77 30
83 5 95
22 81 97
98 90 21
94 100 5
53 82 58
69 11 66
48 16 28
84 84 50
99 78 16
95 92 22
80 87 26
83 86 45
86 42 91
72 89 21
33 79 81
28 15 45
97 91 9
73 76 3
70 99 24
82 66 24
14 96 100
50 88 83
79 48 90
29 78 66
16 99 76
84 76 18
67 71 23
5 24 33
89 84 36
66 90 13
75 94 49
80 67 34
97 2 83
97 77 28
87 84 30
80 83 3
77 96 30
74 33 97
52 99 53
61 60 62
76 90 50
51 90 88
90 70 19
81 85 6
19 29 10
96 92 27
75 71 15
12 81 90
81 90 48
79 93 19
12 72 91
81 85 38
72 97 32
1 72 87
86 74 13
97 92 22
20 72 85
69 100 19
89 98 43
92 100 42
95 2 69
8 50 3
8 18 50
72 83 7
53 51 72
61 66 72
29 19 49
80 82 43
84 84 40
84 88 10
39 88 99
85 92 43
4 17 27
82 96 24
34 84 82
93 92 37
43 25 17
93 16 81
74 71 32
73 93 78
88 78 26
90 70 68
79 40 93
77 84 42
70 84 44
84 99 8
20 66 95
68 85 48
67 78 2
89 76 43
91 76 45
77 75 40
98 74 46
93 83 42
43 41 49
68 10 66
22 76 95
21 67 78
77 66 74
91 78 71
95 85 42
95 12 95
69 81 25
67 74 16
94 74 38
81 95 31
83 44 77
30 21 3
84 7 72
46 86 80
85 77 35
36 15 20
68 79 52
64 91 60
50 84 92
72 68 21
82 80 23
96 91 13
32 2 12
21 88 71
72 46 90
64 53 76
91 5 97
88 86 48
95 96 48
97 67 26
78 71 22
99 86 14
