100 100 100
200
39 25 36
70 72 45
71 75 10
82 76 33
95 79 20
94 78 40
50 71 93
87 95 59
86 95 9
86 94 21
73 69 24
96 79 19
91 15 85
83 72 23
87 99 6
28 69 83
93 85 46
45 70 83
8 92 75
90 81 21
98 76 61
81 93 20
99 76 44
81 98 16
73 89 5
70 68 42
95 65 57
89 93 33
87 60 80
35 76 86
62 54 96
73 66 23
86 99 20
86 97 15
20 79 87
75 79 16
28 75 84
88 94 23
77 4 67
99 99 1
40 92 96
70 95 78
90 78 16
80 72 16
78 74 24
69 34 75
54 71 60
31 80 81
57 92 90
78 88 18
96 45 69
90 85 11
100 17 85
71 97 48
79 90 38
67 26 83
96 80 62
58 95 68
72 44 80
93 94 81
3 100 91
88 95 2
76 85 65
99 66 13
83 28 99
96 98 26
80 13 71
96 55 72
74 91 3
40 97 67
99 79 61
99 91 13
57 74 65
95 76 12
94 37 79
70 10 93
93 90 9
87 69 37
70 73 30
43 84 66
81 95 49
13 100 78
71 97 32
91 66 92
88 91 48
76 99 63
71 85 29
97 97 7
28 93 66
85 66 6
96 69 17
38 90 91
86 75 19
77 72 5
72 82 8
77 92 15
89 67 11
98 80 78
88 83 21
92 40 67
90 58 96
85 72 5
78 91 44
22 96 81
66 50 84
83 73 24
84 75 26
98 97 6
100 89 28
62 54 77
90 91 22
82 19 79
4 91 77
92 8 67
99 80 6
88 95 46
86 88 7
96 92 12
66 73 40
85 90 67
52 93 70
85 76 47
13 4 5
7 47 40
94 99 37
77 75 37
75 17 73
94 51 51
41 68 83
72 28 98
82 28 69
79 96 9
98 79 18
100 86 8
70 34 91
77 75 16
89 66 18
73 33 95
89 67 16
66 100 36
95 33 78
84 12 81
2 98 78
70 28 82
76 65 88
40 35 30
1 89 69
66 67 71
50 85 81
83 96 50
86 93 50
11 87 85
88 19 79
79 71 6
12 10 35
84 67 49
39 17 45
37 27 33
100 67 22
3 20 30
78 78 24
36 23 27
82 99 22
84 66 42
20 4 29
22 48 19
71 80 11
96 75 49
71 92 30
83 96 5
88 3 90
88 67 31
92 77 4
24 83 87
95 66 21
44 1 26
17 25 48
7 42 14
92 66 41
81 95 28
47 12 1
69 88 40
75 99 14
92 7 97
88 81 16
73 95 47
71 94 17
70 80 50
68 94 1
31 100 87
73 2 82
40 92 83
87 67 27
97 45 74
94 84 39
79 14 73
53 82 74
74 78 34
37 27 3
1 98 67
