100 100 100
200
42 48 50
80 72 4
53 76 96
71 71 27
100 73 30
84 71 27
61 72 88
73 97 26
76 75 26
86 79 31
19 19 49
81 82 34
82 81 83
72 17 68
68 85 22
80 76 22
40 99 85
87 76 91
88 69 45
92 69 41
14 94 81
72 41 85
8 24 17
42 45 30
24 4 1
77 70 38
71 77 19
96 50 71
24 78 79
90 80 85
94 4 67
86 77 17
91 67 37
85 30 89
78 74 15
90 95 43
74 9 97
88 68 8
79 31 76
76 72 27
3 35 12
85 86 18
89 73 20
95 67 5
72 89 12
53 95 54
99 68 20
89 76 18
33 77 76
66 77 8
86 97 25
92 93 27
27 4 15
26 73 74
72 70 16
92 97 42
80 75 1
8 76 83
97 80 49
95 91 33
84 88 44
80 94 19
39 14 36
30 72 98
99 67 18
30 45 31
66 72 16
97 76 47
81 81 33
95 76 31
18 88 80
31 94 88
46 24 38
86 84 31
77 78 24
92 89 8
100 97 9
46 98 94
74 13 98
71 97 11
85 99 31
97 72 45
96 73 39
77 70 26
26 11 33
67 67 46
88 47 78
70 90 22
98 11 84
98 67 8
21 30 9
70 80 49
86 5 90
98 80 16
31 70 77
89 62 67
76 71 22
36 88 70
96 71 20
95 92 2
79 93 25
56 55 80
82 87 36
51 82 66
71 97 21
70 68 23
94 100 23
80 100 6
77 81 25
94 77 27
71 95 14
76 68 14
86 91 23
8 87 90
12 6 42
73 94 35
67 70 5
95 91 46
79 76 14
97 78 12
21 45 39
69 72 28
98 42 72
69 68 41
70 20 84
72 61 66
77 89 22
100 96 35
71 100 10
36 18 16
31 82 86
100 79 23
100 95 44
88 79 12
71 86 5
29 91 96
30 69 95
77 75 47
87 69 30
100 26 73
70 98 9
97 77 31
66 2 93
79 88 18
75 36 78
61 77 87
79 33 92
77 10 94
71 83 4
97 80 15
66 84 96
78 93 13
87 89 43
83 95 14
86 89 19
69 86 5
96 69 45
81 89 7
83 69 36
70 87 13
67 77 47
71 79 12
95 76 46
90 91 45
96 68 9
89 79 45
77 70 75
100 74 33
66 84 6
61 72 62
99 85 30
75 98 5
88 68 17
94 83 17
32 29 20
100 99 35
63 71 92
84 90 44
67 79 29
54 94 99
74 71 26
85 91 88
66 87 44
67 100 13
80 74 15
77 87 39
70 66 5
69 93 30
90 72 28
77 73 2
95 83 13
63 88 99
66 74 10
74 99 8
75 79 5
60 71 88
56 73 99
97 90 45
34 99 66
81 76 19
