40 40 40
100
29 4 29
18 21 8
9 28 23
23 5 26
23 27 17
4 23 14
30 22 23
6 18 30
21 23 10
34 22 5
23 22 21
5 6 31
20 4 11
16 4 32
24 30 27
24 1 35
16 26 27
32 17 9
9 20 13
21 33 30
15 11 3
6 34 31
24 9 22
26 19 8
23 28 3
9 29 4
32 21 20
16 26 4
7 5 24
25 9 31
20 17 15
27 8 5
2 20 7
21 18 18
6 33 3
18 5 3
20 3 19
13 28 32
18 22 26
29 32 15
30 10 4
27 22 31
28 27 1
4 34 3
10 26 17
18 23 12
5 23 25
18 35 5
4 1 17
19 21 28
13 7 3
29 5 12
35 22 8
34 33 30
8 5 22
7 1 14
34 11 8
19 29 29
4 20 20
15 35 14
24 3 33
13 21 31
1 29 27
14 26 29
6 28 21
22 12 19
27 3 29
6 2 28
33 3 16
2 19 6
15 12 2
30 1 4
8 22 13
2 1 6
24 35 8
16 9 16
26 16 9
18 28 6
35 12 29
20 19 6
24 27 23
12 23 20
1 28 30
6 22 35
32 17 31
33 22 13
13 22 35
28 13 14
28 27 11
21 12 7
33 14 15
14 34 7
27 4 22
29 30 13
15 24 4
12 21 30
13 15 26
15 12 23
8 29 19
24 21 5
