40 40 40
100
20 27 2
21 24 12
26 6 34
14 32 10
20 14 2
23 9 28
18 24 12
28 33 12
4 22 17
14 32 34
33 14 18
6 8 12
26 34 11
16 13 25
17 19 5
24 32 10
13 15 10
26 3 21
32 23 34
19 8 18
22 4 11
7 12 33
5 26 14
27 21 9
28 21 34
33 7 27
11 3 24
8 20 22
15 33 9
29 27 10
11 5 16
8 6 23
7 7 5
9 25 19
21 14 28
4 13 35
35 5 1
13 22 25
31 14 17
33 35 23
13 9 7
6 4 11
27 33 34
21 35 7
17 23 11
23 7 29
34 5 19
21 8 26
29 4 15
12 4 34
29 31 9
7 24 29
28 9 27
26 13 16
14 15 23
4 10 28
35 33 25
13 30 8
13 9 6
3 14 14
12 33 27
9 19 22
27 4 26
22 7 21
25 26 14
3 3 21
28 28 4
26 4 34
8 25 27
18 35 6
21 33 19
35 2 11
12 2 4
19 22 16
21 23 21
26 20 32
24 29 29
33 7 26
27 4 20
25 21 7
16 23 12
24 18 25
32 8 8
11 28 32
6 17 11
12 2 23
32 11 11
34 27 19
34 2 14
23 22 35
10 31 6
33 32 11
25 22 4
2 31 13
29 5 30
8 21 30
13 33 8
6 22 5
27 20 14
7 14 5
