40 40 40
100
23 1 1
28 17 17
8 34 29
7 24 25
26 17 25
21 12 8
23 33 17
30 10 33
3 34 22
3 30 4
35 35 15
6 32 22
15 17 30
14 2 24
25 14 24
8 5 24
24 27 26
16 24 32
25 26 8
1 18 2
24 2 11
34 32 15
2 17 4
19 29 14
32 32 16
10 3 7
21 5 16
12 13 8
10 32 11
34 12 28
9 14 21
29 11 27
15 2 31
28 10 1
19 13 30
20 25 1
9 22 24
14 1 12
7 35 30
33 10 26
9 26 6
32 28 33
5 2 31
22 13 12
10 24 9
28 26 26
1 2 4
32 17 11
27 24 15
33 30 29
23 21 21
30 26 20
18 33 17
31 30 20
22 20 3
2 9 1
28 21 27
7 27 8
33 13 18
8 14 25
27 28 33
9 16 2
29 33 15
9 21 22
22 17 9
4 26 8
15 14 35
32 3 15
26 6 23
16 1 30
31 19 32
4 25 26
26 26 4
11 31 32
14 28 35
15 20 34
7 4 17
27 7 18
23 13 12
29 21 12
13 14 12
6 19 11
1 7 23
29 18 13
27 6 15
12 24 30
16 12 30
33 14 18
7 12 29
32 20 8
17 19 33
10 25 30
14 3 35
29 1 6
3 4 31
7 23 16
5 1 4
3 14 13
15 17 6
20 26 3
