40 40 40
100
28 34 9
25 14 4
31 18 1
13 7 25
30 6 20
25 2 13
29 20 10
20 15 25
33 23 35
31 2 4
11 14 10
8 12 14
11 17 15
34 24 15
25 11 22
28 31 14
31 17 26
11 9 9
5 31 2
17 4 8
32 29 6
5 29 12
16 26 10
34 17 33
19 2 28
12 1 9
9 35 13
21 22 34
26 23 9
9 4 12
32 35 14
7 1 1
6 30 21
34 13 8
33 4 23
11 34 23
9 19 16
4 10 3
30 14 23
26 12 26
22 20 7
3 10 34
16 23 25
27 28 22
32 23 35
2 30 4
31 15 17
12 21 6
16 25 14
11 3 6
32 24 3
32 13 29
23 10 25
27 14 23
35 1 30
31 16 12
21 20 22
29 12 23
5 19 17
2 29 23
29 7 20
16 10 7
21 13 27
17 5 14
4 7 31
22 6 31
4 24 30
22 5 24
8 8 8
17 19 32
1 27 28
26 1 12
31 19 19
7 25 34
17 22 28
13 9 4
1 28 12
2 34 8
24 27 31
16 22 19
13 35 23
34 14 3
35 34 29
16 13 25
21 17 33
27 2 11
20 13 1
2 28 23
32 10 13
7 27 8
2 23 17
5 15 17
12 3 26
28 8 12
13 30 24
24 3 13
21 23 30
13 17 27
11 18 27
15 9 23
