40 40 40
100
34 31 4
35 10 13
30 1 7
32 26 1
10 19 28
30 14 19
22 31 4
9 7 16
15 34 12
23 10 26
23 15 4
9 26 5
6 30 34
32 22 30
26 30 31
12 35 3
27 18 25
7 16 32
21 25 32
20 1 3
6 20 14
10 27 8
29 34 27
15 27 4
28 6 6
13 33 12
33 19 21
17 32 26
29 3 31
18 7 9
33 32 8
21 4 23
19 12 10
29 5 26
34 19 15
13 19 21
33 15 21
5 18 30
19 15 15
30 25 2
13 13 21
8 28 13
28 10 20
10 30 8
32 21 27
24 33 18
15 29 31
3 3 35
16 25 12
13 35 7
7 3 21
33 11 2
29 33 34
24 11 25
14 4 11
14 24 34
15 18 6
29 10 14
34 12 15
30 20 34
32 32 8
12 5 13
14 17 3
24 35 19
20 31 19
27 32 20
27 35 1
13 18 11
1 34 27
31 24 21
5 11 23
12 25 34
2 11 33
16 20 25
7 15 20
12 20 10
17 16 20
11 13 20
24 5 14
25 24 2
2 22 12
28 10 29
35 25 34
4 32 3
16 29 17
18 4 5
23 3 31
7 29 27
11 30 31
18 35 9
21 16 35
1 18 5
11 2 4
28 26 5
24 10 16
19 5 34
1 9 8
24 19 5
18 18 2
34 26 21
