40 40 40
100
4 17 12
32 7 23
18 8 2
3 9 1
14 8 23
11 4 12
16 6 32
34 35 8
33 11 25
28 17 26
22 29 34
34 6 32
2 30 19
17 21 21
26 15 29
32 3 28
34 20 25
2 24 21
1 30 26
1 22 9
14 12 9
4 24 28
8 31 33
7 15 23
15 11 18
3 31 14
21 14 18
14 18 17
33 29 17
5 34 28
21 30 1
34 29 9
33 5 35
35 8 33
13 10 8
4 5 20
33 35 25
7 27 21
30 29 8
35 27 2
26 7 22
14 33 14
4 19 14
27 10 18
31 8 18
33 2 31
10 7 9
18 7 30
5 14 11
26 8 7
16 6 3
35 33 34
11 10 7
20 7 16
4 20 26
8 19 10
20 29 1
16 7 29
29 18 14
24 35 32
34 23 7
7 34 6
6 32 27
32 19 11
25 21 6
10 12 8
16 10 8
3 20 32
30 1 12
9 7 23
22 19 19
22 13 20
7 16 25
12 14 27
10 9 1
10 9 15
11 5 15
21 28 10
25 19 33
12 25 9
2 8 23
21 5 21
34 5 5
26 27 27
10 5 35
33 5 21
27 4 2
11 31 32
24 16 27
28 19 9
6 20 19
8 8 15
9 25 30
27 33 34
34 1 21
1 20 31
29 31 22
34 22 31
14 7 23
29 9 6
