40 40 40
100
10 14 19
7 3 32
17 26 8
22 28 35
29 33 31
16 28 18
9 17 3
23 4 34
27 34 2
20 25 13
34 7 5
35 20 11
32 8 3
15 19 13
27 34 3
16 30 17
30 21 24
21 31 9
17 1 21
16 19 16
23 3 5
9 22 24
21 4 3
23 25 29
24 15 19
4 5 17
10 10 14
10 28 21
1 9 16
14 2 25
10 27 30
1 20 19
11 22 24
30 35 4
26 2 23
6 13 18
22 31 30
31 23 1
19 7 35
27 5 1
5 35 24
19 16 28
16 6 9
33 24 27
31 6 10
8 28 10
6 21 23
9 24 1
28 14 9
5 17 8
26 20 21
1 19 7
17 21 16
17 4 18
18 35 19
3 27 32
14 27 20
4 5 8
23 11 12
17 14 31
2 13 30
15 29 12
34 1 3
4 14 4
6 33 29
27 26 32
4 21 2
29 21 7
11 4 31
11 24 24
26 26 14
8 25 30
13 8 4
9 9 30
35 14 28
9 20 33
4 28 23
30 7 22
25 32 16
33 27 27
3 30 12
15 1 12
34 31 33
26 23 5
5 29 19
12 19 15
30 29 9
16 9 1
3 13 10
4 27 10
2 25 2
4 11 3
8 24 8
27 16 27
10 28 13
31 22 29
9 17 12
22 24 9
21 7 10
25 26 4
