40 40 40
100
15 12 27
4 35 7
5 33 15
5 11 35
33 22 26
32 6 23
3 27 31
13 32 26
10 11 15
25 32 13
10 21 35
2 35 3
28 20 23
35 18 27
27 19 1
1 33 7
2 11 12
16 4 21
32 6 15
20 5 10
31 30 12
3 19 21
35 13 21
3 13 1
11 20 31
6 3 19
33 28 23
7 14 12
5 35 2
24 29 9
33 13 35
14 22 5
25 15 2
1 3 23
28 16 16
9 34 17
22 28 34
33 32 27
7 21 28
32 7 13
30 29 25
25 33 29
27 15 3
15 27 2
18 5 1
17 32 23
24 34 13
24 5 31
17 15 8
6 25 20
35 35 26
3 18 16
34 33 24
13 35 21
31 16 34
20 34 8
7 26 15
3 2 35
30 17 11
23 6 6
4 27 17
10 23 17
14 4 15
12 33 31
23 23 16
33 18 20
28 31 9
19 23 28
5 29 16
24 30 14
31 34 33
18 13 16
18 13 19
17 3 20
3 8 21
7 9 3
21 17 30
5 22 12
26 11 35
8 16 34
26 16 23
8 31 4
33 11 4
13 18 17
34 5 2
27 20 31
34 30 3
20 11 6
28 34 29
14 34 10
22 29 21
34 1 25
6 24 22
26 23 21
20 7 6
13 2 14
25 4 26
32 15 23
17 31 31
20 32 24
