40 40 40
100
21 32 22
14 31 28
4 16 21
12 30 11
1 12 34
2 30 17
31 3 25
14 1 29
27 34 27
17 5 12
22 34 29
3 14 29
23 21 7
33 16 19
16 3 33
20 2 31
10 12 11
12 23 9
1 12 10
35 25 17
5 21 8
8 17 5
13 21 26
19 23 19
20 24 9
7 35 22
34 24 19
3 24 4
8 27 1
33 32 29
34 10 29
28 13 27
3 32 26
8 30 29
6 8 8
34 7 15
11 12 27
22 5 19
19 34 20
24 20 12
9 22 4
30 4 8
4 2 10
33 6 23
18 3 28
27 35 2
20 13 27
15 10 25
5 15 6
20 22 21
10 2 9
4 4 24
5 9 10
33 32 11
10 19 27
15 7 30
1 1 11
26 35 14
24 10 9
16 20 5
7 17 17
6 30 23
7 20 3
7 28 24
4 12 4
15 32 9
16 7 3
10 24 3
33 32 35
26 12 15
35 18 28
4 2 3
1 5 10
14 33 23
28 1 13
6 20 9
14 5 26
14 1 24
26 12 18
29 18 17
27 15 12
2 27 30
33 2 9
1 2 7
29 17 9
18 34 13
25 20 10
25 12 10
7 19 12
25 7 34
6 34 4
30 4 13
28 23 12
26 6 26
8 34 33
31 4 12
17 25 4
8 17 1
24 31 6
16 14 22
