40 40 40
100
26 30 30
11 28 3
27 35 28
30 13 11
17 24 6
6 20 22
25 13 18
4 29 21
22 11 5
22 24 35
21 1 24
5 29 21
19 33 27
18 15 33
16 35 8
5 28 21
5 14 11
30 31 33
16 17 4
16 23 11
13 13 15
2 14 2
27 18 9
11 11 26
7 17 21
9 10 24
22 7 16
12 10 30
12 6 22
8 24 25
22 8 22
6 15 1
29 25 16
2 33 13
8 22 1
2 28 2
11 9 31
24 14 33
7 1 13
29 22 12
22 16 5
1 21 9
15 23 4
3 21 33
17 2 19
13 4 15
15 26 5
30 26 32
29 4 17
33 30 21
19 17 26
6 26 21
22 33 18
29 28 14
35 35 7
9 14 18
6 35 29
13 32 29
19 4 8
10 35 15
9 8 4
13 24 28
34 23 15
15 12 28
21 2 26
33 12 32
5 17 10
35 3 24
15 22 8
4 30 5
17 26 24
26 25 24
6 33 25
22 27 13
31 30 29
4 9 14
31 6 33
24 28 14
27 26 2
16 19 24
27 1 23
30 22 34
32 17 15
23 32 19
11 5 27
33 35 6
29 9 4
29 26 15
20 17 31
12 14 34
26 26 23
2 29 35
26 23 26
2 13 20
18 25 26
25 19 32
33 12 30
30 20 27
20 20 27
11 32 7
