10 10 10
150
2 6 8
1 8 10
3 8 8
4 6 3
5 6 4
8 3 3
10 5 2
9 3 9
6 7 4
2 7 5
9 10 7
2 8 4
1 5 6
10 7 2
4 1 10
6 1 2
9 9 2
1 8 10
4 8 6
6 7 7
4 7 6
4 8 2
5 3 2
8 7 1
2 7 9
1 6 1
5 6 1
8 6 10
8 10 2
5 9 3
3 9 8
5 4 1
7 9 2
6 5 3
10 7 3
5 6 1
3 4 8
2 9 3
5 10 2
2 8 3
7 2 3
6 2 8
9 2 4
9 10 3
3 9 5
2 4 7
8 6 2
7 10 3
4 5 3
10 6 7
3 10 5
2 5 1
3 6 7
8 4 1
10 6 9
4 10 8
6 5 4
9 10 2
8 1 4
6 1 9
7 8 5
4 7 6
10 7 4
6 1 9
5 3 7
2 8 3
8 9 9
1 10 4
4 3 8
6 5 1
2 1 3
2 5 9
5 4 9
3 7 8
1 8 7
6 9 6
3 4 5
3 1 5
9 9 7
2 9 3
4 2 7
5 2 2
5 9 5
2 9 5
6 9 2
2 9 4
1 5 4
5 1 9
5 2 10
5 7 8
6 6 3
9 9 10
10 1 10
6 5 4
5 1 1
6 5 8
3 10 10
9 10 3
3 9 5
9 4 7
5 9 7
1 4 10
8 8 10
7 2 4
4 6 3
5 6 2
3 1 5
9 7 10
2 10 8
5 9 5
4 7 9
9 10 10
10 10 3
1 5 7
4 2 5
4 4 2
3 9 1
6 2 1
3 2 4
2 2 1
5 5 7
2 2 7
10 9 3
7 3 4
6 1 5
4 6 10
5 1 6
1 5 6
6 2 6
8 1 2
8 8 2
5 2 2
1 7 7
10 9 2
5 6 3
10 7 6
1 10 1
3 4 9
4 10 3
6 7 5
10 9 8
5 1 1
9 3 4
4 7 3
2 3 8
3 9 4
4 1 10
8 9 1
9 4 4
1 10 9
