10 10 10
150
2 4 6
5 4 8
7 8 4
4 10 3
1 2 10
10 9 1
6 9 6
9 7 7
10 7 4
6 7 1
3 2 7
6 6 10
3 1 2
6 1 6
6 1 4
4 3 10
5 3 8
1 10 2
4 10 4
6 1 9
8 3 2
2 8 4
9 5 6
2 5 1
4 5 9
5 10 1
9 6 9
6 6 6
4 4 2
5 9 5
9 7 2
7 8 3
3 9 10
8 5 1
2 1 1
1 4 5
1 8 6
6 1 7
7 2 4
8 8 5
5 6 1
8 8 8
5 4 2
7 4 5
9 1 1
2 8 1
8 10 8
9 2 3
8 3 9
2 8 3
3 6 3
8 3 3
7 4 1
2 8 9
6 6 3
8 8 6
2 3 2
1 8 2
8 7 8
2 1 7
7 8 9
8 7 6
10 5 2
4 9 9
9 1 7
10 8 5
2 1 1
3 8 6
6 1 4
6 1 5
2 5 5
4 7 3
7 6 9
1 5 4
7 2 5
10 9 10
3 8 1
1 9 9
1 1 1
6 5 3
4 8 5
9 2 10
3 1 5
4 9 7
2 9 4
2 7 2
5 7 6
3 1 7
1 8 4
9 7 8
6 2 7
3 5 8
2 9 6
4 5 10
7 5 3
10 9 4
7 6 8
3 10 9
1 9 9
9 2 3
5 5 3
7 2 4
6 6 8
1 8 8
8 4 3
7 6 4
9 5 7
1 9 2
6 4 6
3 7 7
8 5 9
5 6 4
6 2 9
9 7 7
6 10 7
10 2 10
7 1 3
2 6 3
5 10 6
2 8 9
9 5 9
8 8 1
8 7 9
3 1 6
8 5 9
8 6 4
1 5 2
9 7 4
2 10 8
10 7 4
8 2 8
3 2 6
9 7 5
6 1 2
5 4 3
4 7 10
9 8 5
7 6 7
8 10 1
2 9 1
6 3 10
5 1 5
1 9 10
4 9 9
6 1 8
3 5 6
4 1 8
10 3 1
9 2 8
3 6 1
