10 10 10
150
2 5 9
7 1 5
2 7 1
2 8 8
2 6 10
4 4 1
5 9 4
4 10 4
3 4 7
9 9 4
9 1 2
3 1 5
4 3 7
8 10 2
4 6 7
9 1 5
7 10 3
9 3 9
4 10 8
7 4 5
6 10 2
3 10 1
8 4 9
2 6 8
9 10 9
2 3 3
7 4 6
3 2 4
3 8 8
10 8 9
7 10 2
3 10 9
2 7 5
4 3 10
9 5 4
4 5 2
9 5 10
1 10 1
5 1 7
3 5 10
3 5 7
9 10 4
1 10 6
7 9 10
1 10 7
6 7 9
6 8 6
6 8 10
7 4 8
10 4 3
7 1 5
5 2 2
9 1 9
8 4 10
4 5 3
2 10 7
2 2 10
3 10 7
3 8 7
1 8 7
9 9 1
8 1 6
10 5 9
7 8 3
6 6 9
1 5 3
1 1 6
3 5 2
5 3 9
4 4 10
7 8 4
1 3 9
7 1 6
9 9 6
8 1 8
6 6 10
2 7 3
6 4 2
2 10 10
3 1 10
2 4 3
7 2 7
7 8 4
6 9 9
6 5 2
7 5 10
2 1 2
7 8 2
1 9 3
9 9 8
1 4 6
3 5 10
10 4 5
8 2 9
9 9 6
4 4 6
8 3 7
3 3 8
2 8 5
9 5 3
10 7 7
7 2 6
3 6 10
5 7 5
3 10 8
10 8 2
2 2 6
5 3 4
1 3 8
2 6 7
9 4 3
6 4 5
6 5 4
4 1 7
6 3 3
7 4 9
7 4 1
7 5 8
8 3 9
5 4 1
10 10 3
10 7 6
1 10 5
8 6 4
1 6 2
9 10 8
6 6 3
1 5 4
1 2 7
3 4 7
10 10 6
1 10 5
5 3 2
1 3 9
5 4 7
7 1 3
7 7 1
9 9 10
6 4 2
7 6 8
7 10 10
2 1 8
1 8 6
6 2 1
3 10 10
10 10 2
9 10 10
8 9 3
10 4 4
3 4 3
