100 100 100
150
31 68 71
5 99 90
10 72 93
22 88 67
68 5 88
50 90 72
6 82 93
24 76 82
73 15 90
49 93 76
93 77 66
33 72 89
92 89 21
25 77 78
97 14 99
26 72 70
25 75 75
14 69 90
4 33 44
33 94 76
49 83 68
82 85 30
17 97 69
11 95 66
67 31 78
77 87 41
50 97 83
97 96 27
58 91 79
23 5 48
9 66 75
36 74 99
33 84 93
46 78 83
31 73 75
22 67 68
44 78 66
3 99 79
43 89 78
7 91 98
96 68 54
72 99 5
38 74 94
77 43 82
31 83 81
9 85 80
99 97 49
89 79 29
12 79 82
92 66 5
87 19 76
29 85 82
26 77 72
73 72 83
5 74 74
72 66 43
75 6 92
7 69 80
14 88 84
92 9 77
85 68 83
33 76 69
55 63 76
67 36 92
12 76 94
41 100 71
19 93 88
46 73 67
25 75 97
48 68 82
60 86 91
70 69 93
41 83 85
46 40 42
7 94 66
35 85 82
72 64 76
45 87 100
90 69 28
36 68 84
3 86 87
5 12 44
21 93 71
67 74 19
43 75 73
21 70 85
25 73 100
10 87 90
26 46 5
45 99 68
40 96 86
18 72 72
14 10 20
10 81 96
78 34 89
90 84 6
44 83 82
3 73 77
5 68 84
43 76 84
41 85 86
9 91 73
95 71 23
22 93 79
52 62 74
10 26 34
92 69 2
58 100 76
92 85 20
20 69 73
67 53 50
20 71 74
86 16 67
45 75 69
27 74 88
21 95 90
13 25 8
26 69 68
21 67 74
16 41 3
36 96 73
47 87 97
82 94 17
88 8 89
22 27 4
49 25 24
45 26 25
47 91 99
67 88 25
9 98 85
44 99 79
10 81 97
13 80 96
28 96 75
50 82 68
12 83 86
15 71 69
28 88 70
7 15 25
46 29 17
8 98 85
42 67 70
5 81 86
1 79 67
2 82 84
23 26 20
26 68 87
4 27 47
91 77 31
2 92 74
