100 100 100
150
67 76 42
49 69 68
31 87 77
49 73 86
12 98 90
38 14 20
30 29 43
98 94 93
9 75 71
51 84 64
17 70 70
1 68 99
6 72 95
37 100 81
95 89 50
46 25 21
92 91 12
13 83 91
44 22 48
46 6 25
90 94 86
15 82 94
76 68 68
42 81 96
14 69 66
46 67 67
4 70 80
39 78 87
18 99 97
5 78 69
98 4 89
88 73 27
20 73 74
48 84 76
8 7 27
20 5 14
24 76 94
94 92 3
41 73 83
27 98 90
22 93 80
27 96 79
30 91 88
91 87 26
39 2 36
97 34 76
45 88 99
19 83 76
38 72 98
42 79 82
84 41 82
4 73 86
36 83 70
80 83 62
3 100 91
66 59 69
45 74 96
35 89 95
6 80 88
47 78 78
91 100 16
98 72 2
55 98 96
42 66 83
67 20 83
22 79 76
9 73 90
83 51 55
73 91 67
18 85 78
17 85 71
47 68 67
39 100 99
6 34 18
90 47 66
92 77 75
82 79 27
50 5 31
5 100 67
21 74 98
98 65 99
21 94 68
8 94 85
24 83 90
7 73 83
40 87 88
43 67 99
48 75 71
69 75 45
17 66 89
6 80 93
32 45 2
30 90 76
71 91 21
33 30 44
89 77 45
15 90 68
31 80 99
42 9 11
72 28 68
7 74 73
66 6 78
25 98 79
32 70 76
86 4 94
26 11 10
2 77 99
96 89 22
36 88 68
76 94 79
27 84 86
49 69 79
91 82 31
97 94 100
2 92 68
15 72 100
19 88 90
78 17 69
48 76 91
86 16 91
71 14 75
47 91 72
45 48 25
96 68 26
40 35 33
25 68 100
70 5 84
40 91 100
41 78 81
10 76 71
32 97 88
49 86 85
93 3 71
9 86 98
78 6 97
17 18 42
90 67 32
11 77 92
15 81 86
28 90 68
81 89 70
20 94 91
32 97 77
31 90 68
70 32 88
44 25 26
37 29 10
3 67 81
14 87 68
4 93 74
