100 100 100
150
31 75 69
9 36 11
19 91 92
37 84 84
12 68 99
85 81 26
2 94 85
73 8 83
49 99 81
40 77 97
31 78 77
67 76 3
48 88 85
78 93 9
7 99 94
22 68 75
86 88 48
25 79 96
8 96 88
46 83 72
45 70 95
29 84 99
69 82 82
8 86 88
24 83 85
38 100 66
10 82 81
90 65 72
67 10 83
25 88 72
7 68 80
15 86 86
16 21 24
98 63 97
40 69 89
28 39 14
14 46 45
26 74 93
9 75 74
3 100 95
28 66 85
35 95 75
38 93 82
11 39 12
9 97 92
92 10 76
45 90 70
41 97 77
91 22 99
6 89 68
48 100 98
20 69 96
70 1 91
76 65 73
72 18 83
5 68 96
54 88 70
15 100 89
8 88 97
31 66 83
29 42 8
39 76 83
98 87 93
6 70 83
58 92 60
66 78 20
41 88 99
72 37 72
26 66 85
77 81 7
25 82 70
31 93 100
7 73 96
24 85 100
97 83 72
26 68 70
82 85 29
30 80 96
37 81 75
35 80 80
40 91 100
23 93 82
44 68 72
10 78 84
5 99 97
91 69 95
72 54 88
67 26 82
77 78 37
47 66 76
26 78 99
14 41 4
83 24 69
10 100 81
31 68 82
16 48 15
47 86 67
5 91 76
16 15 27
42 69 78
74 36 67
60 90 95
98 48 71
34 87 79
97 22 82
71 67 32
66 40 73
37 80 73
50 78 98
92 3 76
43 81 91
35 71 75
14 67 74
57 83 76
36 84 67
80 64 89
25 86 82
73 61 74
82 4 79
17 95 81
38 75 92
25 70 77
43 98 71
27 78 74
74 69 9
88 36 69
31 99 80
53 76 63
83 72 31
44 79 84
32 67 95
37 100 92
16 97 78
97 90 50
12 66 94
35 98 85
3 75 82
43 94 76
19 68 82
44 69 80
39 87 95
50 77 84
20 91 77
79 20 91
2 98 84
38 15 26
43 85 74
74 44 91
8 97 95
2 77 93
