100 100 100
150
34 83 78
69 31 80
75 37 92
1 11 43
12 97 74
5 86 88
77 93 92
60 74 53
76 79 8
32 97 94
17 78 97
32 79 68
25 88 80
12 73 77
48 97 100
21 25 14
6 27 7
37 67 80
13 73 90
88 93 61
42 39 11
15 70 86
68 74 39
6 76 74
42 73 79
45 67 92
23 91 80
90 45 78
16 98 97
30 90 84
6 81 86
41 97 95
46 66 89
1 96 67
48 87 67
98 88 39
77 57 90
46 83 73
66 9 83
50 73 91
39 91 66
9 67 98
37 88 81
46 79 81
38 77 90
88 62 97
75 27 73
14 93 69
41 89 70
69 10 78
68 79 7
12 89 97
72 86 39
46 36 12
77 25 79
100 39 90
7 86 68
26 22 29
1 29 1
28 67 67
35 48 46
46 75 75
29 28 20
22 88 98
17 83 85
20 80 80
12 72 74
52 73 90
26 18 37
47 95 81
24 69 84
13 73 85
89 87 26
5 93 66
38 82 84
18 97 80
89 92 29
14 4 38
1 94 73
98 81 27
24 72 77
42 100 69
14 79 86
88 92 55
18 89 87
26 71 95
18 73 74
75 32 87
72 1 75
90 82 71
11 22 19
92 82 95
13 94 87
55 72 93
25 68 76
18 76 100
49 90 88
8 43 49
89 68 26
88 60 79
6 94 70
16 77 86
67 14 95
67 35 78
67 94 9
93 17 99
99 18 100
21 95 85
17 70 80
45 28 43
41 97 68
49 82 75
6 67 80
86 69 1
42 30 18
10 36 41
36 91 78
45 31 22
95 95 16
69 8 95
41 78 89
77 66 48
83 34 68
99 69 17
97 2 66
50 98 81
96 11 99
40 95 72
98 44 70
26 71 82
19 33 22
82 74 57
18 78 71
25 95 66
23 98 98
67 91 30
77 66 24
92 66 3
30 70 76
43 88 97
19 77 94
27 91 93
34 100 92
20 75 79
3 66 85
60 96 91
86 19 97
43 80 92
14 83 78
3 41 3
