100 100 100
150
71 38 76
20 73 98
34 81 68
16 24 38
73 90 45
99 13 79
47 84 82
15 99 75
2 93 99
25 81 80
2 79 81
6 71 92
49 87 76
30 89 83
36 82 72
52 91 67
22 80 88
78 37 86
97 29 91
21 95 86
38 66 90
50 92 95
13 98 84
5 79 96
9 97 86
3 20 27
80 76 21
74 98 2
3 75 75
92 8 83
2 83 91
78 9 82
79 91 50
89 100 42
59 94 75
77 30 98
53 97 96
17 93 75
42 35 21
81 82 28
96 86 54
34 75 73
35 84 69
32 73 86
84 81 88
28 95 79
46 75 77
94 93 89
3 17 2
3 78 89
31 80 94
70 69 60
11 22 41
72 70 9
4 29 13
48 96 83
6 74 86
79 80 3
45 89 89
22 69 73
88 84 97
67 25 89
32 19 15
39 72 77
44 86 75
95 55 55
32 30 25
8 96 81
79 94 20
21 85 81
24 35 31
46 75 83
75 100 29
33 88 89
29 4 37
9 7 41
51 92 95
47 67 89
94 84 50
32 93 96
9 7 40
70 18 90
35 89 87
39 85 100
30 78 76
27 14 32
14 44 42
94 91 46
66 3 92
85 62 52
45 37 12
72 30 69
82 73 44
11 80 99
20 90 81
21 90 76
2 81 73
12 68 73
75 2 82
37 67 90
12 70 86
90 82 36
20 96 73
93 77 60
71 67 15
49 93 95
11 99 68
79 66 62
68 28 73
34 74 71
38 79 81
14 94 76
49 68 87
26 89 70
96 92 5
2 6 29
78 95 2
30 14 7
31 47 41
22 17 5
43 25 15
30 9 26
44 93 87
28 96 92
27 97 74
69 89 16
2 67 84
11 68 99
91 50 91
94 87 39
7 98 70
40 79 70
23 22 3
22 89 91
33 9 9
30 71 94
32 70 72
22 84 77
42 83 83
71 83 45
2 28 39
17 80 69
49 75 71
28 91 91
5 25 40
90 42 99
100 36 72
36 97 71
98 30 97
96 67 95
