100 100 100
150
92 11 85
25 18 35
42 34 48
57 82 62
11 84 95
14 83 71
46 97 75
30 75 89
79 23 91
95 31 77
38 79 78
31 29 47
26 87 94
47 69 88
27 68 66
84 18 80
37 94 97
93 100 40
22 86 93
33 83 81
35 75 81
36 90 70
27 98 82
3 69 70
27 87 92
80 94 23
46 97 100
11 67 69
39 98 77
37 25 48
1 84 97
91 15 91
11 83 85
8 41 36
95 78 34
44 74 93
99 72 8
79 49 90
9 12 50
70 90 4
14 83 85
6 82 96
36 67 91
77 23 80
70 83 39
19 94 74
44 67 92
9 72 66
18 99 70
81 67 19
77 80 86
80 93 22
8 72 91
62 68 65
37 34 39
18 87 77
4 86 91
68 25 83
38 90 68
19 70 92
97 72 50
94 29 81
72 81 65
7 90 92
20 30 31
49 95 89
5 29 35
28 81 73
74 19 70
46 99 80
93 15 67
30 90 80
85 75 53
87 96 20
19 82 67
1 86 78
80 15 73
100 99 70
30 96 68
30 71 93
87 96 81
29 80 89
5 100 89
78 100 31
83 16 66
29 84 93
11 96 83
67 84 11
48 86 75
5 18 43
87 87 52
2 100 92
10 88 77
12 100 85
12 90 75
23 91 74
4 45 49
15 85 71
43 68 86
33 84 85
21 80 66
23 86 99
31 92 97
20 67 89
76 16 87
46 88 69
36 89 95
36 100 98
2 90 90
82 57 56
76 25 93
28 70 76
41 91 93
37 98 93
69 41 83
47 67 70
11 77 83
100 64 90
49 88 80
22 90 77
46 83 70
9 80 77
84 84 49
74 74 61
30 100 93
49 91 83
37 74 91
33 87 80
36 85 90
43 79 67
44 67 87
16 74 99
25 88 69
20 94 80
44 91 81
4 87 92
21 73 84
36 91 84
5 85 77
38 37 37
72 68 48
51 59 86
11 84 98
37 94 79
6 35 11
27 75 99
78 75 50
30 66 72
29 66 80
4 100 82
