100 100 100
150
89 93 38
29 95 88
49 83 67
85 56 100
72 47 83
18 75 97
97 74 19
82 12 67
5 87 82
73 5 98
90 98 77
5 78 71
87 9 90
15 33 9
17 20 38
10 74 73
83 72 30
19 42 6
71 99 24
66 72 45
64 85 86
23 17 4
98 75 75
50 27 42
72 75 96
18 95 78
8 70 98
67 47 93
24 87 90
41 83 94
49 86 67
23 22 43
92 97 34
36 83 96
24 97 73
48 91 99
44 82 87
10 89 69
25 80 96
83 54 68
24 7 25
31 78 83
34 13 6
91 97 20
25 97 98
77 22 70
45 95 96
29 90 94
32 87 75
50 90 75
12 83 90
38 100 91
4 76 98
91 87 80
21 100 81
41 89 70
68 44 97
1 83 92
32 90 81
83 70 52
75 77 12
15 74 95
64 54 82
24 29 33
93 60 76
14 16 38
99 79 52
74 17 78
30 87 93
20 77 80
21 66 82
13 92 66
23 69 80
40 46 40
10 99 100
63 54 63
88 76 27
14 66 82
45 73 77
29 71 89
30 98 80
72 76 30
26 87 67
18 69 81
97 80 10
32 85 80
7 79 81
24 78 100
2 100 80
7 15 46
96 18 90
48 89 67
34 67 96
12 72 70
7 89 68
26 70 85
100 88 9
88 93 82
4 92 89
50 55 73
27 91 70
92 79 64
39 89 75
32 96 89
80 12 88
40 84 100
68 10 86
19 67 76
68 83 8
9 93 66
70 100 16
43 70 77
36 92 100
47 83 82
18 88 85
39 77 85
68 51 95
67 74 62
20 90 85
25 89 92
68 54 97
35 98 92
43 88 68
29 79 75
32 37 21
25 82 96
23 82 76
58 85 51
7 81 76
26 95 89
32 82 80
84 83 94
28 70 98
19 43 20
4 87 84
27 79 91
94 100 42
89 75 88
17 98 84
36 97 80
83 37 78
2 81 92
26 94 77
45 75 68
56 68 83
42 79 75
80 92 22
25 83 86
36 1 24
2 85 66
