100 100 100
150
42 66 80
34 95 95
7 66 67
72 97 23
12 16 28
23 68 66
39 87 72
53 89 80
30 67 74
73 93 35
69 80 7
30 69 96
98 51 68
34 88 99
6 86 67
7 69 79
20 21 39
31 98 83
31 76 84
8 95 95
75 71 19
7 75 89
88 75 25
73 97 8
12 46 23
25 74 69
21 91 97
32 76 95
70 75 44
94 10 94
61 85 96
1 73 99
24 77 69
99 58 76
32 92 86
5 72 94
15 81 88
30 98 72
42 67 70
38 72 100
37 87 81
85 35 94
68 81 8
36 14 9
4 77 73
60 90 79
85 17 76
2 74 86
97 74 48
91 60 55
2 2 31
28 85 69
49 93 71
10 28 46
4 80 89
13 80 99
1 31 19
10 78 67
25 11 43
80 73 35
96 88 50
24 73 87
41 38 44
40 92 98
25 97 90
28 98 98
91 26 81
91 86 66
32 77 80
45 18 29
20 76 73
47 72 98
40 83 67
21 99 79
89 67 70
34 98 99
83 95 27
83 95 12
9 86 75
72 84 1
14 79 69
16 83 97
46 98 69
75 95 94
100 70 45
84 45 68
69 1 92
19 94 93
9 68 98
10 96 66
1 89 67
45 79 90
69 47 67
74 71 52
1 89 97
26 83 95
87 40 100
22 85 68
12 80 93
28 94 97
36 89 85
30 95 100
48 73 87
79 93 71
73 81 35
37 79 97
33 70 78
66 82 16
35 75 100
47 80 70
33 26 8
7 81 77
28 92 71
8 92 70
26 74 86
34 16 1
34 98 88
91 100 10
68 93 12
97 42 71
1 45 3
69 82 18
73 36 88
6 15 21
70 50 73
50 84 85
8 89 95
71 79 35
27 78 75
8 87 87
21 98 97
19 88 77
85 86 34
15 93 94
17 84 76
49 95 89
48 8 14
17 81 85
28 100 78
35 81 97
43 82 77
43 69 92
40 68 92
6 20 4
92 2 87
4 94 87
89 63 95
74 24 99
92 14 82
3 69 86
