100 100 100
150
84 26 90
65 87 53
95 74 50
22 70 100
11 76 69
29 72 92
37 99 76
21 98 82
6 81 100
86 77 46
46 81 66
70 75 64
3 48 1
2 69 70
70 59 93
3 77 72
34 99 75
42 85 66
68 88 77
21 84 91
26 81 91
51 87 54
25 99 97
87 28 88
79 90 18
31 12 11
31 99 95
18 81 96
47 87 82
80 66 68
46 11 18
28 85 74
92 4 90
41 66 92
41 88 100
9 77 88
33 79 67
3 73 86
73 88 33
34 81 97
49 66 96
68 93 46
78 2 66
22 98 72
32 91 72
38 69 73
46 80 80
94 29 79
11 97 75
45 67 96
43 98 86
21 69 71
45 97 90
24 27 43
36 94 86
34 47 2
50 19 10
68 86 1
19 91 96
6 75 88
75 63 64
80 43 66
44 29 37
79 14 77
2 100 92
43 76 67
18 94 69
38 81 87
33 80 68
74 36 79
20 7 25
80 74 34
6 73 78
49 71 79
39 87 83
25 3 47
79 46 66
31 88 98
24 98 72
24 84 70
1 84 82
34 91 83
17 73 70
45 76 74
32 94 69
37 86 90
50 67 90
11 88 97
13 70 80
12 98 74
35 94 68
41 68 77
33 96 86
15 99 88
44 76 90
84 47 94
75 38 85
24 68 67
23 92 96
27 75 91
42 100 89
74 77 50
8 70 77
7 83 100
2 89 91
33 75 70
5 96 69
34 84 89
1 68 93
36 4 31
30 98 96
22 93 78
21 93 78
18 77 94
35 9 3
28 36 41
44 67 85
79 100 45
94 83 37
28 86 74
88 67 49
42 17 46
44 83 84
85 40 93
37 95 93
24 75 98
79 85 5
47 99 80
48 97 96
93 68 31
87 78 8
46 72 72
33 68 96
14 87 84
27 68 67
59 58 99
38 72 87
32 87 91
40 66 85
31 76 80
24 71 75
70 70 33
3 78 83
14 71 68
92 73 22
19 98 98
80 78 63
14 81 66
1 69 66
3 89 70
