100 100 100
150
70 49 87
45 82 97
22 68 78
86 30 69
64 89 71
86 76 94
74 77 49
34 74 96
73 31 80
60 92 60
32 69 86
29 76 75
30 73 99
79 84 10
37 69 80
50 72 78
1 78 84
2 96 73
40 89 87
73 72 4
23 67 94
83 83 10
39 87 95
88 30 74
72 35 94
95 89 5
99 75 52
5 85 86
31 75 96
3 100 70
70 67 9
4 96 95
37 94 100
20 92 66
49 71 78
16 93 95
4 78 80
57 100 97
25 22 12
31 89 93
89 98 81
97 100 37
77 20 88
7 93 78
11 83 82
29 91 68
46 95 95
47 88 83
26 84 81
43 41 31
33 100 72
13 39 44
57 61 60
77 90 98
21 86 94
6 73 86
46 86 90
92 33 86
92 81 54
3 76 95
69 43 72
72 47 93
63 99 54
25 82 92
30 42 1
97 38 72
39 78 79
8 66 79
33 70 90
44 95 78
79 39 79
14 89 81
23 87 88
83 67 48
29 15 43
17 87 97
86 23 71
15 82 95
80 88 50
22 97 67
35 88 94
3 98 82
37 84 84
66 79 45
45 84 94
37 86 78
67 84 39
4 81 67
18 18 13
15 99 81
20 98 80
36 81 100
8 26 34
16 72 74
38 76 96
86 75 34
12 87 83
67 91 62
31 80 100
23 12 11
74 75 44
37 81 78
17 66 89
20 76 99
82 6 93
30 70 67
28 86 73
16 87 66
80 95 50
22 99 100
28 79 73
34 69 78
71 61 54
29 86 82
68 15 66
21 97 85
87 72 38
78 34 84
27 86 86
30 72 88
86 42 79
19 96 92
44 86 69
7 76 79
38 98 100
74 77 32
29 92 99
17 83 73
18 94 95
25 95 72
81 42 72
87 67 28
35 84 77
97 92 33
78 100 46
44 68 98
27 98 99
70 60 62
3 80 79
75 72 7
4 1 36
28 70 80
17 87 98
23 86 91
10 76 88
31 66 75
20 12 38
8 85 79
77 67 29
66 91 97
