100 100 100
200
66 77 42
52 83 69
94 67 100
97 94 15
2 78 89
31 35 33
19 89 75
75 75 70
36 42 44
69 75 41
33 77 91
2 90 78
23 86 70
28 80 71
10 95 91
3 99 81
14 96 76
69 80 52
97 75 62
72 6 78
40 37 5
85 53 54
36 32 41
8 35 4
34 48 35
49 68 97
37 89 98
8 73 84
38 89 100
100 28 66
28 98 93
3 18 1
22 92 95
49 86 71
73 81 67
43 69 66
39 74 83
10 97 98
12 73 67
50 74 97
7 13 22
5 85 74
45 75 69
30 42 41
22 89 83
58 65 64
47 70 96
76 35 74
19 72 77
71 62 52
80 73 29
99 95 75
11 97 79
2 96 66
89 54 58
15 90 94
29 75 68
40 99 77
39 88 68
24 26 33
5 88 66
16 38 43
15 46 40
44 76 98
21 86 66
16 99 98
28 87 90
90 52 82
26 86 87
19 12 3
66 97 12
15 96 86
14 50 28
49 72 95
20 67 97
10 75 88
45 48 11
26 38 44
96 29 83
100 68 13
10 85 71
34 71 79
2 94 93
33 88 75
71 72 9
26 74 98
4 91 66
79 16 90
71 39 96
53 97 83
41 8 25
72 16 86
73 61 68
97 49 76
76 98 37
69 63 58
3 67 93
10 99 94
30 39 34
88 60 68
96 30 84
40 86 68
91 66 50
90 1 83
82 100 19
23 92 100
3 83 69
43 91 72
39 71 75
15 82 77
77 92 26
35 5 2
4 76 89
22 76 77
44 70 86
8 69 80
50 68 80
88 96 20
98 92 22
56 80 67
3 86 68
85 86 38
94 40 78
28 78 71
29 71 93
2 93 93
74 79 73
10 69 91
45 82 95
20 36 34
29 99 70
81 78 79
48 21 28
21 83 76
43 91 92
82 71 4
18 77 100
76 92 41
65 94 91
66 8 73
79 66 78
41 74 71
70 86 66
2 81 81
49 77 74
96 13 67
25 91 76
21 75 92
50 93 91
80 99 49
17 81 71
8 84 94
92 91 25
26 5 36
38 19 33
66 77 3
6 94 77
93 83 15
19 80 95
5 91 85
61 98 59
31 46 36
2 99 68
37 85 79
81 68 11
1 71 66
94 10 89
10 96 71
86 18 83
67 98 58
73 77 6
7 86 80
8 66 94
31 67 80
20 74 75
73 28 99
50 64 90
84 48 78
27 11 23
49 76 72
9 78 85
50 95 58
49 94 80
21 92 92
6 78 99
24 77 70
40 12 41
22 87 76
43 92 73
71 76 48
23 92 91
10 73 100
29 68 70
6 32 10
12 100 66
22 87 89
55 74 73
55 66 96
75 69 41
42 70 84
