100 100 100
200
42 85 73
66 9 100
18 77 79
6 24 22
1 66 91
23 75 73
45 96 90
37 97 92
22 89 77
9 98 94
4 70 68
20 86 88
7 4 29
57 51 81
83 45 79
21 72 82
97 60 70
58 62 60
92 27 66
15 93 72
10 69 73
2 78 94
80 88 39
59 94 69
43 48 46
15 48 35
41 97 95
30 42 34
11 90 92
44 91 97
87 66 22
88 29 89
9 81 76
3 92 76
37 70 79
41 77 87
17 72 76
66 5 87
10 9 39
22 81 89
98 44 80
20 94 88
87 22 98
44 73 80
61 64 71
18 66 66
93 84 39
26 94 66
47 100 93
15 100 94
77 75 30
43 77 66
21 38 17
42 97 96
16 96 98
10 99 82
14 86 72
16 84 92
29 80 72
34 93 84
16 100 78
26 94 83
42 5 29
47 91 77
16 70 90
45 78 80
16 90 92
38 95 72
37 84 91
39 89 66
16 99 95
76 73 26
12 32 39
9 79 86
33 50 27
68 72 9
83 84 77
29 91 90
60 63 53
40 74 82
25 81 79
71 66 69
37 83 72
85 74 16
38 70 82
100 68 6
24 85 88
7 84 71
37 75 66
40 69 76
5 45 50
31 69 89
35 69 74
3 87 86
26 69 82
60 91 78
24 74 67
38 71 69
17 95 88
47 73 79
20 69 71
22 81 96
32 84 81
45 83 80
18 70 87
39 99 69
11 91 86
38 67 79
43 74 73
93 98 43
30 77 92
71 80 35
39 92 90
18 95 79
21 88 89
50 69 90
94 74 2
28 79 86
25 66 79
18 77 87
73 74 35
42 15 8
14 94 91
8 95 93
47 92 92
26 68 79
36 97 77
1 69 92
32 84 68
19 66 83
17 97 79
87 75 40
23 89 96
68 84 55
41 70 86
2 83 95
91 82 56
42 28 23
14 70 77
23 14 21
26 87 87
19 11 17
31 82 84
32 92 82
87 75 38
87 12 88
93 50 67
22 95 96
60 60 74
17 100 69
71 53 78
53 97 58
40 95 71
43 95 75
21 79 86
76 16 72
88 56 83
95 97 89
45 45 3
97 84 79
38 77 94
73 44 86
31 99 86
2 82 85
83 5 90
75 1 82
48 77 95
43 84 93
27 77 78
95 63 69
9 94 94
41 70 85
45 95 97
45 84 96
8 84 96
37 99 70
86 46 99
40 82 92
49 91 98
22 79 87
22 68 100
15 69 87
91 29 88
88 67 35
15 80 86
92 10 92
73 68 66
32 70 74
11 38 6
22 70 76
11 3 13
55 82 76
38 92 82
99 79 8
40 73 84
30 91 88
37 32 24
58 72 61
28 90 92
40 76 72
