100 100 100
200
98 70 92
6 76 93
6 81 94
42 90 70
3 8 5
35 87 94
95 26 79
27 99 78
12 66 75
70 94 2
18 46 25
95 86 71
49 85 89
44 96 100
48 80 98
49 72 74
88 82 75
91 66 98
31 99 78
53 79 95
36 97 94
86 30 76
1 98 88
62 89 50
66 82 30
5 16 19
47 74 96
44 78 85
80 78 6
14 66 100
26 100 98
30 90 93
75 16 81
27 43 46
89 40 76
47 86 72
9 72 97
31 72 77
28 71 75
48 83 94
79 22 97
28 93 96
45 71 69
14 93 84
50 68 82
48 72 78
48 18 35
48 73 67
33 95 82
27 75 80
31 74 81
99 28 99
5 66 86
16 73 88
50 29 25
36 25 32
68 86 14
48 95 86
66 88 11
73 93 19
97 15 95
22 98 94
20 35 33
76 20 77
50 77 91
31 100 67
48 70 66
26 67 95
29 77 75
98 32 93
24 73 94
48 75 84
30 100 66
27 67 83
11 84 83
76 70 49
64 60 87
11 96 95
83 99 100
4 80 99
45 67 84
2 67 100
23 69 94
86 69 40
38 96 73
27 87 85
100 74 14
98 90 24
45 66 78
99 51 64
90 88 16
13 95 73
43 93 67
47 96 73
24 97 75
66 92 95
6 70 78
82 82 28
95 51 59
17 69 89
12 29 38
44 91 68
68 89 33
60 61 65
86 73 25
76 88 59
25 74 95
26 93 85
7 99 68
4 91 68
73 59 51
80 82 23
49 77 73
32 96 66
3 80 88
2 79 95
10 2 24
88 84 5
19 39 45
4 89 77
5 88 87
18 1 18
10 79 74
94 40 91
31 96 66
76 96 6
2 96 73
31 89 83
79 51 73
3 69 96
15 17 6
10 77 74
1 73 80
18 77 66
5 37 13
20 98 83
66 9 78
26 75 80
18 32 21
39 48 31
30 89 86
68 98 27
94 1 72
100 97 5
49 81 74
94 2 66
44 96 86
16 92 94
98 99 89
70 44 88
34 68 74
79 9 78
12 97 68
76 93 47
41 74 75
48 95 100
98 92 93
26 89 85
66 81 25
20 69 87
90 11 94
73 51 97
23 47 23
34 76 91
91 3 82
47 98 98
2 89 88
15 71 96
45 91 70
4 76 94
43 98 90
33 81 67
93 77 60
15 80 84
46 31 38
95 10 77
89 10 88
50 75 95
41 73 67
90 85 29
22 98 94
43 86 85
47 81 66
80 94 9
29 37 35
74 40 90
48 68 70
2 99 80
39 83 96
8 73 97
84 67 11
69 17 89
24 74 67
31 42 10
84 82 63
96 100 32
49 42 8
24 67 99
14 95 87
96 7 87
