100 100 100
200
84 17 89
11 76 77
12 4 34
6 97 86
1 77 75
68 86 89
14 49 7
40 75 92
75 54 66
88 95 50
97 79 69
1 85 92
96 85 49
83 76 20
39 78 92
46 67 80
45 88 81
38 12 22
36 1 10
27 68 92
33 71 85
2 66 86
17 86 86
95 36 70
94 37 71
14 83 68
62 57 85
29 82 75
94 11 80
17 68 100
25 78 69
6 66 79
37 74 91
6 69 90
27 90 89
50 88 85
30 71 75
3 81 80
45 93 72
45 91 90
32 70 66
2 88 84
44 89 91
49 88 90
29 50 27
39 94 73
48 78 68
21 69 71
93 86 60
100 99 15
77 76 77
1 93 77
74 72 79
33 96 97
33 34 1
8 83 81
55 75 63
7 67 96
26 89 95
95 9 73
18 88 88
29 97 74
93 94 59
27 78 92
26 36 37
45 67 72
19 89 76
46 87 99
29 79 97
18 76 92
23 83 85
70 74 65
47 79 76
6 75 84
81 67 15
43 99 86
56 95 76
61 64 78
40 69 78
2 81 96
53 63 59
91 74 22
43 80 96
12 72 91
1 86 98
29 87 73
47 91 98
71 83 37
2 69 96
23 40 45
70 37 88
8 85 96
16 18 28
48 81 94
73 22 69
21 71 71
8 47 9
97 36 91
66 56 95
13 86 84
21 89 68
47 17 49
19 85 97
10 93 94
76 73 70
81 95 40
50 99 87
70 65 98
89 91 40
42 78 72
44 90 86
68 84 92
100 86 85
43 70 89
11 66 89
45 78 76
23 89 85
75 18 89
37 85 94
6 87 91
8 68 84
47 100 94
95 70 29
29 96 89
32 49 20
1 86 95
69 68 45
94 58 98
36 35 15
37 84 94
87 87 89
36 72 68
3 66 96
76 82 35
91 72 42
42 79 93
78 53 94
40 82 87
31 29 37
38 89 73
10 79 97
26 98 94
93 85 19
19 77 93
50 84 75
23 70 78
12 77 74
90 73 17
15 99 93
16 68 73
50 66 78
31 95 73
79 14 82
80 32 72
45 100 99
93 31 96
15 79 95
90 41 82
2 83 91
32 93 90
79 80 12
78 19 90
71 6 77
98 31 69
14 74 97
85 76 81
21 82 88
17 82 73
30 83 91
29 81 95
14 85 75
54 52 77
11 84 69
85 20 89
68 2 85
36 41 28
48 77 84
27 3 1
4 86 85
10 95 78
69 37 69
34 77 79
48 69 74
42 97 70
3 77 87
54 80 62
9 98 75
31 100 95
36 96 73
29 81 92
26 78 92
97 82 47
20 93 100
93 53 76
1 89 84
13 79 81
72 91 16
12 4 38
11 97 77
31 95 89
