100 100 100
200
81 87 32
90 98 15
21 83 70
21 93 91
97 45 86
89 84 42
10 91 76
69 80 83
15 95 93
79 62 54
96 17 79
23 89 81
2 84 80
31 15 21
29 48 44
42 75 73
11 66 89
49 74 68
40 89 69
40 92 88
29 93 77
37 100 95
32 75 71
4 89 92
38 96 78
20 96 95
20 68 93
15 87 76
46 78 93
21 81 76
23 80 74
35 78 89
18 88 100
69 46 77
36 86 68
8 17 16
48 81 77
24 16 39
71 44 80
41 100 87
42 41 11
27 96 94
42 85 79
68 82 8
92 74 16
84 22 69
66 79 76
98 87 4
12 70 82
24 99 66
12 77 77
44 77 79
65 58 93
47 85 84
15 90 95
93 52 68
25 86 85
76 71 80
68 14 73
9 96 79
25 100 82
37 97 100
85 67 76
44 97 83
58 87 66
10 80 76
41 72 87
72 21 69
30 70 73
42 89 92
60 98 79
15 92 67
13 92 87
99 70 32
42 72 66
74 14 97
9 29 11
28 83 76
75 93 20
1 93 92
86 28 74
39 82 85
14 90 74
53 63 53
13 75 87
92 3 95
70 50 54
59 94 77
6 71 66
25 37 48
46 74 89
4 74 71
100 32 92
48 88 79
13 96 97
24 85 82
81 100 19
19 94 90
100 83 29
12 67 66
92 30 72
1 77 69
87 42 75
22 87 94
83 8 78
67 91 36
22 78 78
41 75 98
40 84 78
29 87 98
43 72 99
54 72 53
34 31 41
5 90 78
95 57 83
39 88 79
33 93 94
75 1 74
8 87 99
80 70 71
10 70 80
25 83 97
11 74 78
70 88 34
74 66 23
86 73 52
23 99 100
99 6 91
87 94 23
85 12 93
42 98 96
83 87 65
55 65 80
15 13 40
91 18 78
95 94 32
33 76 68
54 56 98
41 72 97
36 72 91
41 80 95
16 99 70
81 95 33
94 26 70
50 100 75
36 74 89
29 82 96
100 30 86
22 96 77
16 88 92
15 88 81
15 10 17
19 85 95
48 82 66
98 90 41
45 74 93
66 72 41
13 79 92
44 84 78
47 71 92
5 80 94
12 89 89
12 87 82
25 92 69
14 89 90
98 94 11
94 93 90
22 80 98
81 34 66
1 75 97
34 94 82
34 84 86
38 6 6
34 81 81
49 77 78
8 83 81
23 96 79
43 97 79
18 98 69
91 9 93
47 42 3
72 61 89
48 91 83
28 99 82
71 8 98
13 90 70
17 49 9
9 77 99
32 75 96
49 18 31
2 88 92
16 16 9
15 99 97
86 59 69
21 23 23
7 92 89
91 70 99
49 90 98
5 13 33
25 95 92
