100 100 100
200
79 95 46
22 98 67
29 66 70
35 100 72
50 99 96
49 89 69
84 44 69
19 86 72
42 50 10
50 46 37
25 67 99
75 59 79
27 72 98
50 95 81
18 84 70
39 35 4
28 80 98
11 85 87
45 66 71
57 74 85
73 67 13
23 86 70
48 28 29
50 79 78
4 86 72
27 75 86
33 89 80
2 91 66
32 66 72
91 88 66
22 81 80
91 89 35
50 8 25
13 87 86
44 69 81
78 76 41
19 80 90
44 100 74
69 84 61
38 73 83
5 74 97
49 68 82
43 25 6
20 22 49
98 29 66
81 93 97
47 98 87
14 83 91
27 92 88
83 78 68
2 79 98
34 97 92
43 92 86
14 73 70
50 70 91
1 76 68
23 75 67
24 70 80
13 90 87
6 97 98
31 88 75
44 96 80
27 6 12
87 80 18
31 88 83
24 82 81
77 100 100
53 65 58
30 42 5
17 80 91
87 81 6
47 95 87
30 83 74
15 78 73
81 98 82
26 76 84
94 71 11
92 77 18
19 71 73
97 71 37
50 92 86
69 61 92
34 66 76
39 79 84
26 100 77
34 88 83
40 79 72
54 58 82
11 86 84
28 73 85
31 78 66
1 99 94
15 67 75
95 62 100
70 84 43
26 98 80
68 44 70
22 21 43
18 94 83
70 39 96
81 51 68
75 66 60
36 66 99
95 15 70
88 87 45
89 41 98
45 68 70
23 78 75
9 76 95
77 97 7
39 76 99
98 69 34
66 66 27
16 99 66
73 97 44
32 99 95
86 48 90
9 70 93
26 78 68
9 84 73
13 73 77
77 79 8
96 40 75
30 79 95
37 92 100
2 79 85
10 71 84
46 100 84
67 46 100
2 2 24
29 67 78
39 86 81
10 99 71
11 81 69
37 100 70
37 87 90
24 67 80
19 72 88
4 74 68
83 18 73
21 70 71
94 87 37
80 44 93
38 96 93
3 68 76
50 77 66
47 98 84
49 94 87
64 69 51
17 17 7
86 6 85
2 71 87
21 90 74
22 71 71
2 49 27
20 70 89
26 99 66
32 86 66
37 86 99
11 83 95
2 79 77
5 85 89
32 76 86
21 2 37
15 68 70
35 75 87
8 79 75
24 31 47
1 91 87
24 68 98
5 81 67
11 92 95
79 42 67
21 81 86
26 98 95
29 96 72
45 93 75
10 88 71
31 76 87
21 67 72
9 98 88
15 70 91
69 67 26
98 30 95
48 76 87
44 82 77
26 99 74
38 90 67
54 67 100
20 86 69
79 49 93
34 91 69
11 11 30
70 73 10
40 78 79
94 21 96
68 86 73
37 79 92
2 78 81
20 73 94
