100 100 100
200
63 73 80
26 85 85
53 51 78
48 73 77
1 92 72
3 81 72
100 94 99
31 98 85
18 66 76
43 20 48
12 68 83
22 84 95
3 71 94
71 46 87
51 62 66
51 78 60
80 71 98
22 72 93
49 79 72
15 69 67
24 89 72
10 73 91
83 87 1
49 82 88
23 75 79
35 6 1
45 97 78
36 84 67
17 90 85
28 96 75
20 13 10
90 97 78
31 70 96
39 79 96
86 82 89
69 8 97
63 59 57
17 75 76
44 99 97
99 82 48
17 88 100
79 76 42
41 99 66
4 83 82
16 68 100
8 69 72
48 6 13
36 66 84
41 80 70
21 76 87
43 92 73
80 93 69
39 73 70
30 85 92
32 84 88
97 66 16
22 86 73
32 78 89
70 90 3
2 87 69
38 100 69
50 96 71
30 45 7
29 99 77
8 91 73
39 83 85
97 74 35
8 75 66
83 98 38
41 93 91
20 92 83
87 74 50
46 96 85
43 73 73
23 72 96
72 71 5
86 72 95
45 70 69
34 83 70
46 71 73
35 74 99
26 85 93
5 76 77
74 83 4
38 77 66
87 89 8
36 42 40
35 7 30
64 92 91
30 75 93
15 95 79
79 58 54
39 11 2
49 80 97
50 83 96
29 100 91
91 42 90
26 94 87
29 83 86
7 100 90
42 74 91
8 86 82
44 98 77
47 74 70
92 83 1
5 82 71
19 94 73
91 82 59
100 24 88
6 83 93
68 3 77
93 81 5
89 22 99
26 9 50
37 84 71
26 74 75
8 79 99
44 70 78
97 80 43
12 83 88
13 27 1
30 7 38
12 69 94
86 54 50
39 94 85
26 82 75
44 34 9
17 85 76
83 2 98
37 85 78
17 82 94
16 70 76
13 81 88
100 22 94
47 96 73
99 55 51
97 41 93
34 78 94
16 22 33
31 6 1
2 24 29
1 88 93
80 9 72
76 77 5
3 9 6
13 81 77
16 68 94
44 76 66
35 79 79
52 51 80
98 3 88
38 76 71
26 6 17
47 49 35
5 94 92
42 88 86
93 74 50
50 92 99
27 29 39
24 73 85
50 79 94
49 80 88
66 87 21
83 13 94
17 83 86
31 67 96
71 83 34
70 87 62
35 84 74
48 97 77
25 22 26
37 87 70
39 94 89
5 82 90
77 95 26
91 36 85
20 89 70
26 92 99
45 21 16
2 76 87
22 83 97
5 10 31
74 97 59
49 92 72
23 82 98
89 50 85
34 70 68
16 67 83
25 67 96
70 15 98
5 74 93
3 95 81
81 77 12
95 88 8
10 95 71
48 17 6
19 12 40
74 35 85
46 81 72
84 45 97
