100 100 100
200
80 81 89
96 85 39
44 91 69
12 68 81
95 51 61
10 86 99
2 94 66
46 74 99
54 58 100
33 75 78
48 68 80
47 87 85
30 71 89
35 36 22
49 67 71
97 28 78
9 72 68
32 83 77
4 79 74
27 92 97
21 98 98
44 16 36
29 87 87
47 72 74
39 100 73
42 90 92
66 13 77
23 38 7
3 66 87
33 98 87
17 11 1
16 89 71
55 57 73
88 70 20
86 95 38
24 74 92
73 77 32
37 84 91
11 98 94
88 90 24
97 74 88
73 71 35
58 69 79
39 78 76
45 95 75
49 91 67
48 83 71
9 42 31
4 67 88
19 45 27
33 94 94
19 66 72
34 78 78
45 73 78
17 76 96
44 69 90
95 10 78
41 73 99
50 91 67
47 88 88
46 88 97
7 95 86
84 61 99
75 12 92
34 50 7
68 32 90
83 93 45
28 72 70
78 43 70
73 78 96
19 67 97
14 77 70
83 5 95
22 81 97
13 90 81
9 100 70
53 82 58
69 11 66
48 16 28
44 84 70
19 78 76
45 92 92
25 87 91
18 86 100
86 42 91
37 89 81
33 79 81
28 15 45
97 91 9
33 76 88
50 99 79
82 66 24
14 96 100
50 88 83
79 48 90
29 78 66
16 99 76
29 76 73
37 71 78
5 24 33
49 84 71
66 90 13
5 94 89
10 67 69
97 2 83
2 77 68
42 84 100
40 83 88
42 96 70
74 33 97
52 99 53
61 60 62
11 90 70
51 90 88
45 70 84
21 85 91
19 29 10
26 92 97
15 71 100
12 81 90
16 90 93
9 93 74
12 72 91
31 85 78
42 97 92
1 72 87
31 74 88
37 92 92
20 72 85
19 100 99
4 98 88
92 100 42
95 2 69
8 50 3
8 18 50
32 83 87
53 51 72
61 66 72
29 19 49
30 82 73
84 84 40
44 88 70
39 88 99
5 92 93
4 17 27
27 96 89
34 84 82
38 92 67
43 25 17
93 16 81
74 71 32
73 93 78
28 78 66
90 70 68
79 40 93
17 84 82
35 84 84
19 99 73
20 66 95
38 85 88
47 78 77
44 76 88
21 76 95
12 75 95
18 74 66
28 83 92
43 41 49
68 10 66
22 76 95
21 67 78
77 66 74
91 78 71
95 85 42
95 12 95
29 81 70
67 74 16
44 74 78
81 95 31
83 44 77
30 21 3
84 7 72
46 86 80
50 77 85
36 15 20
68 79 52
64 91 60
50 84 92
47 68 86
22 80 73
11 91 93
32 2 12
21 88 71
72 46 90
64 53 76
91 5 97
43 86 88
95 96 48
12 67 91
43 71 97
9 86 99
