100 100 100
200
39 25 36
35 72 75
1 75 80
27 76 98
50 79 70
14 78 90
50 71 93
87 95 59
21 95 94
26 94 76
33 69 99
96 79 19
91 15 85
3 72 98
87 99 6
28 69 83
23 85 76
45 70 83
8 92 75
90 81 21
98 76 61
81 93 20
44 76 84
46 98 96
8 89 80
50 68 72
95 65 57
9 93 93
87 60 80
35 76 86
62 54 96
43 66 93
46 99 80
46 97 80
20 79 87
30 79 86
28 75 84
8 94 93
77 4 67
29 99 96
40 92 96
70 95 78
90 78 16
80 72 16
23 74 74
69 34 75
54 71 60
31 80 81
57 92 90
18 88 73
96 45 69
10 85 86
100 17 85
11 97 88
49 90 93
67 26 83
96 80 62
58 95 68
72 44 80
93 94 81
3 100 91
13 95 77
76 85 65
14 66 83
83 28 99
16 98 71
80 13 71
96 55 72
34 91 93
40 97 67
99 79 61
49 91 68
57 74 65
95 76 12
94 37 79
70 10 93
93 90 9
12 69 97
15 73 100
43 84 66
6 95 89
13 100 78
46 97 92
91 66 92
88 91 48
76 99 63
31 85 79
22 97 97
28 93 66
35 66 96
36 69 92
38 90 91
36 75 84
77 72 5
37 82 83
77 92 15
19 67 96
98 80 78
48 83 81
92 40 67
90 58 96
15 72 95
13 91 79
22 96 81
66 50 84
48 73 99
14 75 91
23 97 66
100 89 28
62 54 77
35 91 67
82 19 79
4 91 77
92 8 67
4 80 86
13 95 71
31 88 92
11 92 82
36 73 70
85 90 67
52 93 70
35 76 77
13 4 5
7 47 40
94 99 37
27 75 77
75 17 73
94 51 51
41 68 83
72 28 98
82 28 69
19 96 89
18 79 98
5 86 73
70 34 91
7 75 86
39 66 83
73 33 95
39 67 76
26 100 91
95 33 78
84 12 81
2 98 78
70 28 82
76 65 88
40 35 30
1 89 69
66 67 71
50 85 81
18 96 100
86 93 50
11 87 85
88 19 79
44 71 76
12 10 35
84 67 49
39 17 45
37 27 33
10 67 82
3 20 30
43 78 94
36 23 27
42 99 77
9 66 72
20 4 29
22 48 19
11 80 96
36 75 79
6 92 70
83 96 5
88 3 90
88 67 31
42 77 99
24 83 87
5 66 86
44 1 26
17 25 48
7 42 14
22 66 96
11 95 93
47 12 1
34 88 75
50 99 94
92 7 97
18 81 86
33 95 77
1 94 67
25 80 90
18 94 96
31 100 87
73 2 82
40 92 83
47 67 87
97 45 74
49 84 89
79 14 73
53 82 74
74 78 34
37 27 3
1 98 67
