100 100 100
200
42 48 50
40 72 94
53 76 96
41 71 67
100 73 30
19 71 82
61 72 88
23 97 91
76 75 26
16 79 96
19 19 49
46 82 99
82 81 83
72 17 68
28 85 72
25 76 77
40 99 85
87 76 91
13 69 100
2 69 76
14 94 81
72 41 85
8 24 17
42 45 30
24 4 1
7 70 98
31 77 74
96 50 71
24 78 79
90 80 85
94 4 67
21 77 67
91 67 37
85 30 89
28 74 100
35 95 93
74 9 97
88 68 8
79 31 76
26 72 92
3 35 12
45 86 78
89 73 20
95 67 5
2 89 72
53 95 54
49 68 90
4 76 73
33 77 76
16 77 83
16 97 90
2 93 87
27 4 15
26 73 74
32 70 66
37 97 77
15 75 66
8 76 83
37 80 94
95 91 33
9 88 84
20 94 69
39 14 36
30 72 98
39 67 88
30 45 31
46 72 81
17 76 67
36 81 68
15 76 66
18 88 80
31 94 88
46 24 38
31 84 86
42 78 99
42 89 68
100 97 9
46 98 94
74 13 98
71 97 11
85 99 31
32 72 100
16 73 94
47 70 81
26 11 33
42 67 91
88 47 78
15 90 67
98 11 84
38 67 68
21 30 9
35 80 79
86 5 90
3 80 66
31 70 77
89 62 67
21 71 82
36 88 70
6 71 85
50 92 97
14 93 90
56 55 80
22 87 91
51 82 66
71 97 21
45 68 73
39 100 83
80 100 6
27 81 80
19 77 92
31 95 79
76 68 14
46 91 83
8 87 90
12 6 42
8 94 75
42 70 100
45 91 66
4 76 74
17 78 72
21 45 39
69 72 28
98 42 72
34 68 96
70 20 84
72 61 66
2 89 92
100 96 35
11 100 70
36 18 16
31 82 86
45 79 83
20 95 79
3 79 97
31 86 95
29 91 96
30 69 95
27 75 67
2 69 70
100 26 73
45 98 89
27 77 81
66 2 93
24 88 93
75 36 78
61 77 87
79 33 92
77 10 94
6 83 99
17 80 85
66 84 96
48 93 68
37 89 93
18 95 69
16 89 84
14 86 75
46 69 90
6 89 92
3 69 91
15 87 93
42 77 77
71 79 12
95 76 46
90 91 45
96 68 9
89 79 45
77 70 75
40 74 68
41 84 91
61 72 62
39 85 75
15 98 75
18 68 87
9 83 92
32 29 20
15 99 80
63 71 92
24 90 99
37 79 79
54 94 99
9 71 91
85 91 88
1 87 79
7 100 98
80 74 15
12 87 84
10 66 95
4 93 70
15 72 73
77 73 2
35 83 83
63 88 99
41 74 85
74 99 8
75 79 5
60 71 88
56 73 99
37 90 90
34 99 66
46 76 69
