100 100 100
200
66 77 42
52 83 69
94 67 100
97 94 15
2 78 89
31 35 33
19 4 20
75 75 70
36 42 44
69 75 41
33 37 1
2 40 18
23 6 20
28 45 21
10 95 91
3 49 36
14 1 41
69 80 52
97 75 62
72 6 78
40 37 5
85 53 54
36 32 41
8 35 4
34 48 35
49 18 22
37 44 13
8 33 4
38 44 40
100 28 66
28 28 8
3 18 1
22 2 15
49 16 1
73 81 67
43 29 41
39 9 3
10 97 98
12 13 37
50 44 17
7 13 22
5 35 34
45 45 44
30 42 41
22 19 48
58 65 64
47 45 16
76 35 74
19 72 77
71 62 52
80 73 29
99 95 75
11 22 39
2 96 66
89 54 58
15 35 24
29 75 68
40 99 77
39 3 13
24 26 33
5 88 66
16 38 43
15 46 40
44 1 8
21 31 26
16 39 43
28 22 30
90 52 82
26 86 87
19 12 3
66 97 12
15 21 41
14 50 28
49 17 25
20 12 12
10 40 48
45 48 11
26 38 44
96 29 83
100 68 13
10 20 21
34 11 49
2 94 93
33 3 50
71 72 9
26 19 48
4 31 46
79 16 90
71 39 96
53 97 83
41 8 25
72 16 86
73 61 68
97 49 76
76 98 37
69 63 58
3 2 38
10 49 39
30 39 34
88 60 68
96 30 84
40 6 18
91 66 50
90 1 83
82 100 19
23 7 45
3 28 49
43 91 72
39 11 45
15 32 37
77 92 26
35 5 2
4 21 29
22 76 77
44 70 86
8 4 15
50 38 25
88 96 20
98 92 22
56 80 67
3 11 23
85 86 38
94 40 78
28 13 31
29 26 13
2 48 43
74 79 73
10 4 31
45 22 50
20 36 34
29 9 30
81 78 79
48 21 28
21 23 26
43 21 37
82 71 4
18 2 10
76 92 41
65 94 91
66 8 73
79 66 78
41 14 41
70 86 66
2 26 16
49 12 4
96 13 67
25 11 11
21 30 32
50 8 6
80 99 49
17 16 21
8 9 9
92 91 25
26 5 36
38 19 33
66 77 3
6 39 37
93 83 15
19 45 10
5 46 5
61 98 59
31 46 36
2 39 48
37 10 29
81 68 11
1 41 31
94 10 89
10 96 71
86 18 83
67 98 58
73 77 6
7 16 5
8 46 19
31 47 5
20 9 40
73 28 99
50 64 90
84 48 78
27 11 23
49 46 2
9 28 30
50 95 58
49 19 10
21 12 37
6 78 99
24 77 70
40 12 41
22 17 46
43 7 8
71 76 48
23 47 11
10 43 20
29 43 50
6 32 10
12 40 21
22 27 39
55 74 73
55 66 96
75 69 41
42 35 49
