100 100 100
200
42 20 13
66 9 100
18 42 19
6 24 22
1 6 41
23 35 13
45 6 10
37 17 32
22 24 42
9 18 44
4 70 68
20 11 48
7 4 29
57 51 81
83 45 79
21 42 2
97 60 70
58 62 60
92 27 66
15 33 12
10 4 48
2 28 39
80 88 39
59 94 69
43 48 46
15 48 35
41 22 5
30 42 34
11 15 2
44 36 37
87 66 22
88 29 89
9 26 1
3 7 6
37 50 4
41 42 17
17 27 46
66 5 87
10 9 39
22 11 4
98 44 80
20 14 8
87 22 98
44 48 45
61 64 71
18 41 36
93 84 39
26 19 11
47 25 38
15 10 49
77 75 30
43 22 46
21 38 17
42 97 96
16 96 98
10 99 82
14 21 42
16 19 27
29 80 72
34 93 84
16 25 33
26 29 33
42 5 29
47 16 42
16 35 25
45 3 35
16 10 27
38 40 2
37 49 16
39 34 16
16 9 35
76 73 26
12 32 39
9 9 1
33 50 27
68 72 9
83 84 77
29 46 50
60 63 53
40 29 17
25 81 79
71 66 69
37 28 47
85 74 16
38 45 17
100 68 6
24 50 18
7 39 36
37 15 6
40 14 11
5 45 50
31 14 9
35 19 34
3 47 26
26 29 37
60 91 78
24 34 32
38 36 34
17 50 18
47 23 34
20 29 46
22 1 36
32 39 31
45 8 10
18 70 87
39 44 19
11 1 21
38 17 9
43 24 23
93 98 43
30 7 7
71 80 35
39 2 10
18 5 34
21 88 89
50 34 25
94 74 2
28 4 31
25 66 79
18 77 87
73 74 35
42 15 8
14 29 46
8 50 43
47 32 42
26 3 14
36 97 77
1 9 17
32 24 18
19 11 13
17 47 24
87 75 40
23 89 96
68 84 55
41 15 31
2 33 35
91 82 56
42 28 23
14 10 47
23 14 21
26 42 17
19 11 17
31 17 24
32 92 82
87 75 38
87 12 88
93 50 67
22 95 96
60 60 74
17 40 29
71 53 78
53 97 58
40 95 71
43 5 25
21 49 6
76 16 72
88 56 83
95 97 89
45 45 3
97 84 79
38 37 19
73 44 86
31 9 21
2 7 45
83 5 90
75 1 82
48 32 40
43 29 18
27 77 78
95 63 69
9 34 14
41 40 30
45 25 27
45 44 31
8 84 96
37 14 45
86 46 99
40 47 27
49 11 18
22 34 27
22 23 50
15 69 87
91 29 88
88 67 35
15 15 11
92 10 92
73 68 66
32 5 9
11 38 6
22 5 46
11 3 13
55 82 76
38 47 42
99 79 8
40 38 24
30 11 28
37 32 24
58 72 61
28 10 12
40 31 22
