100 100 100
200
98 70 92
6 11 48
6 6 29
42 90 70
3 8 5
35 17 19
95 26 79
27 9 18
12 6 10
70 94 2
18 46 25
95 86 71
49 85 89
44 36 20
48 15 13
49 22 14
88 82 75
91 66 98
31 19 3
53 79 95
36 97 94
86 30 76
1 98 88
62 89 50
66 82 30
5 16 19
47 74 96
44 18 30
80 78 6
14 46 35
26 25 48
30 25 48
75 16 81
27 43 46
89 40 76
47 26 17
9 27 42
31 37 22
28 41 15
48 13 44
79 22 97
28 28 26
45 16 49
14 38 29
50 33 37
48 17 28
48 18 35
48 43 17
33 45 32
27 50 25
31 14 36
99 28 99
5 66 86
16 33 23
50 29 25
36 25 32
68 86 14
48 5 31
66 88 11
73 93 19
97 15 95
22 43 9
20 35 33
76 20 77
50 7 31
31 45 47
48 20 41
26 32 20
29 37 10
98 32 93
24 13 49
48 75 84
30 10 31
27 37 43
11 44 13
76 70 49
64 60 87
11 16 50
83 99 100
4 5 19
45 7 4
2 12 35
23 69 94
86 69 40
38 21 43
27 87 85
100 74 14
98 90 24
45 41 48
99 51 64
90 88 16
13 10 13
43 93 67
47 31 38
24 27 25
66 92 95
6 50 48
82 82 28
95 51 59
17 69 89
12 29 38
44 91 68
68 89 33
60 61 65
86 73 25
76 88 59
25 9 45
26 43 45
7 24 43
4 91 68
73 59 51
80 82 23
49 42 18
32 96 66
3 15 33
2 24 5
10 2 24
88 84 5
19 39 45
4 19 27
5 33 17
18 1 18
10 29 34
94 40 91
31 36 16
76 96 6
2 16 43
31 39 13
79 51 73
3 29 31
15 17 6
10 77 74
1 18 5
18 2 31
5 37 13
20 43 13
66 9 78
26 50 15
18 32 21
39 48 31
30 89 86
68 98 27
94 1 72
100 97 5
49 21 24
94 2 66
44 26 31
16 47 49
98 99 89
70 44 88
34 13 39
79 9 78
12 32 33
76 93 47
41 39 20
48 10 10
98 92 93
26 44 40
66 81 25
20 49 37
90 11 94
73 51 97
23 47 23
34 21 31
91 3 82
47 43 8
2 24 28
15 11 46
45 91 70
4 26 14
43 98 90
33 6 32
93 77 60
15 10 19
46 31 38
95 10 77
89 10 88
50 75 95
41 73 67
90 85 29
22 33 4
43 86 85
47 31 41
80 94 9
29 37 35
74 40 90
48 8 30
2 49 25
39 18 36
8 23 42
84 67 11
69 17 89
24 9 32
31 42 10
84 82 63
96 100 32
49 42 8
24 27 29
14 30 22
96 7 87
