100 100 100
200
84 17 89
11 6 7
12 4 34
6 42 6
1 27 15
68 86 89
14 49 7
40 75 92
75 54 66
88 95 50
97 79 69
1 5 47
96 85 49
83 76 20
39 8 27
46 42 45
45 48 6
38 12 22
36 1 10
27 23 22
33 6 10
2 66 86
17 31 36
95 36 70
94 37 71
14 83 68
62 57 85
29 2 5
94 11 80
17 13 10
25 23 39
6 31 44
37 29 46
6 19 40
27 10 34
50 88 85
30 46 30
3 1 5
45 18 42
45 31 20
32 30 31
2 18 19
44 34 1
49 33 20
29 50 27
39 19 28
48 38 3
21 4 11
93 86 60
100 99 15
77 76 77
1 93 77
74 72 79
33 31 17
33 34 1
8 18 41
55 75 63
7 7 6
26 44 10
95 9 73
18 23 13
29 47 24
93 94 59
27 38 37
26 36 37
45 2 2
19 19 1
46 27 24
29 39 42
18 1 22
23 43 35
70 74 65
47 19 31
6 75 84
81 67 15
43 39 1
56 95 76
61 64 78
40 24 18
2 26 26
53 63 59
91 74 22
43 5 46
12 22 31
1 6 28
29 42 23
47 36 33
71 83 37
2 44 31
23 40 45
70 37 88
8 5 26
16 18 28
48 16 49
73 22 69
21 11 16
8 47 9
97 36 91
66 56 95
13 6 49
21 29 8
47 17 49
19 85 97
10 8 34
76 73 70
81 95 40
50 39 42
70 65 98
89 91 40
42 33 22
44 25 11
68 84 92
100 86 85
43 10 24
11 21 19
45 43 46
23 89 85
75 18 89
37 10 19
6 27 11
8 8 14
47 40 49
95 70 29
29 16 34
32 49 20
1 21 20
69 68 45
94 58 98
36 35 15
37 19 29
87 87 89
36 37 28
3 16 31
76 82 35
91 72 42
42 4 23
78 53 94
40 47 42
31 29 37
38 39 23
10 9 2
26 13 14
93 85 19
19 27 43
50 29 45
23 70 78
12 42 4
90 73 17
15 99 93
16 18 28
50 66 78
31 10 48
79 14 82
80 32 72
45 10 4
93 31 96
15 4 40
90 41 82
2 83 91
32 3 20
79 80 12
78 19 90
71 6 77
98 31 69
14 29 22
85 76 81
21 82 88
17 2 28
30 83 91
29 36 20
14 25 25
54 52 77
11 19 44
85 20 89
68 2 85
36 41 28
48 77 84
27 3 1
4 6 50
10 5 3
69 37 69
34 37 19
48 44 19
42 47 30
3 47 32
54 80 62
9 3 20
31 30 5
36 26 13
29 21 37
26 48 12
97 82 47
20 28 15
93 53 76
1 29 4
13 24 26
72 91 16
12 4 38
11 22 2
31 30 4
