100 100 100
200
81 87 32
90 98 15
21 83 70
21 3 1
97 45 86
89 84 42
10 21 1
69 80 83
15 35 43
79 62 54
96 17 79
23 14 11
2 39 40
31 15 21
29 48 44
42 15 23
11 46 14
49 14 38
40 34 14
40 92 88
29 43 37
37 5 30
32 30 6
4 89 92
38 31 23
20 11 10
20 3 28
15 37 31
46 18 43
21 81 76
23 20 29
35 78 89
18 88 100
69 46 77
36 31 23
8 17 16
48 16 17
24 16 39
71 44 80
41 50 47
42 41 11
27 11 9
42 5 4
68 82 8
92 74 16
84 22 69
66 79 76
98 87 4
12 40 47
24 29 6
12 7 47
44 27 39
65 58 93
47 30 14
15 40 30
93 52 68
25 46 45
76 71 80
68 14 73
9 26 44
25 100 82
37 2 40
85 67 76
44 7 3
58 87 66
10 10 6
41 17 12
72 21 69
30 40 23
42 19 7
60 98 79
15 22 37
13 27 32
99 70 32
42 7 16
74 14 97
9 29 11
28 23 11
75 93 20
1 93 92
86 28 74
39 17 10
14 15 4
53 63 53
13 40 12
92 3 95
70 50 54
59 94 77
6 46 11
25 37 48
46 4 49
4 49 36
100 32 92
48 88 79
13 16 2
24 20 27
81 100 19
19 29 5
100 83 29
12 22 31
92 30 72
1 22 39
87 42 75
22 37 9
83 8 78
67 91 36
22 18 38
41 75 98
40 49 38
29 7 38
43 2 4
54 72 53
34 31 41
5 10 33
95 57 83
39 13 34
33 33 19
75 1 74
8 32 44
80 70 71
10 30 10
25 28 27
11 4 23
70 88 34
74 66 23
86 73 52
23 49 50
99 6 91
87 94 23
85 12 93
42 38 11
83 87 65
55 65 80
15 13 40
91 18 78
95 94 32
33 26 28
54 56 98
41 27 2
36 27 16
41 15 10
16 14 50
81 95 33
94 26 70
50 40 15
36 29 4
29 7 26
100 30 86
22 41 12
16 43 42
15 88 81
15 10 17
19 45 50
48 22 16
98 90 41
45 49 23
66 72 41
13 39 37
44 44 8
47 6 2
5 80 94
12 89 89
12 12 22
25 42 34
14 4 5
98 94 11
94 93 90
22 40 13
81 34 66
1 45 27
34 39 7
34 84 86
38 6 6
34 81 81
49 22 33
8 23 36
23 31 4
43 32 34
18 28 39
91 9 93
47 42 3
72 61 89
48 91 83
28 39 2
71 8 98
13 45 25
17 49 9
9 12 34
32 35 41
49 18 31
2 48 12
16 16 9
15 44 47
86 59 69
21 23 23
7 22 19
91 70 99
49 90 98
5 13 33
25 95 92
