100 100 100
200
79 95 46
22 43 22
29 1 45
35 15 47
50 14 36
49 89 69
84 44 69
19 36 42
42 50 10
50 46 37
25 67 99
75 59 79
27 32 28
50 5 21
18 39 10
39 35 4
28 80 98
11 15 7
45 16 21
57 74 85
73 67 13
23 41 15
48 28 29
50 39 18
4 86 72
27 10 6
33 24 15
2 21 6
32 26 12
91 88 66
22 16 20
91 89 35
50 8 25
13 22 31
44 49 11
78 76 41
19 35 5
44 100 74
69 84 61
38 18 23
5 74 97
49 3 2
43 25 6
20 22 49
98 29 66
81 93 97
47 33 42
14 23 46
27 12 28
83 78 68
2 4 3
34 2 7
43 12 1
14 73 70
50 45 6
1 1 8
23 35 37
24 70 80
13 35 7
6 42 33
31 88 75
44 6 5
27 6 12
87 80 18
31 43 48
24 82 81
77 100 100
53 65 58
30 42 5
17 40 41
87 81 6
47 5 17
30 83 74
15 3 3
81 98 82
26 36 4
94 71 11
92 77 18
19 21 23
97 71 37
50 92 86
69 61 92
34 26 11
39 39 14
26 25 47
34 13 48
40 39 22
54 58 82
11 1 44
28 33 50
31 18 41
1 44 49
15 47 45
95 62 100
70 84 43
26 28 35
68 44 70
22 21 43
18 94 83
70 39 96
81 51 68
75 66 60
36 6 14
95 15 70
88 87 45
89 41 98
45 48 35
23 3 50
9 11 35
77 97 7
39 76 99
98 69 34
66 66 27
16 9 41
73 97 44
32 34 25
86 48 90
9 70 93
26 78 68
9 44 28
13 3 7
77 79 8
96 40 75
30 19 35
37 22 25
2 44 45
10 41 4
46 100 84
67 46 100
2 2 24
29 47 38
39 26 11
10 9 36
11 41 44
37 35 45
37 27 40
24 32 50
19 72 88
4 24 18
83 18 73
21 20 21
94 87 37
80 44 93
38 26 18
3 48 36
50 17 11
47 23 49
49 44 2
64 69 51
17 17 7
86 6 85
2 71 87
21 90 74
22 11 26
2 49 27
20 70 89
26 19 41
32 86 66
37 11 24
11 8 35
2 14 7
5 40 24
32 21 46
21 2 37
15 28 35
35 75 87
8 14 20
24 31 47
1 6 2
24 3 33
5 6 42
11 32 5
79 42 67
21 41 11
26 43 30
29 6 47
45 18 15
10 8 16
31 1 27
21 12 2
9 48 28
15 20 26
69 67 26
98 30 95
48 16 27
44 47 17
26 44 49
38 45 12
54 67 100
20 16 24
79 49 93
34 41 24
11 11 30
70 73 10
40 78 79
94 21 96
68 86 73
37 9 7
2 78 81
20 23 9
