100 100 100
200
63 73 80
26 35 30
53 51 78
48 28 42
1 92 72
3 1 17
100 94 99
31 13 50
18 16 26
43 20 48
12 38 23
22 29 40
3 26 19
71 46 87
51 62 66
51 78 60
80 71 98
22 17 23
49 49 27
15 49 32
24 89 72
10 28 1
83 87 1
49 42 33
23 20 14
35 6 1
45 42 3
36 4 32
17 35 30
28 16 35
20 13 10
90 97 78
31 20 41
39 79 96
86 82 89
69 8 97
63 59 57
17 45 6
44 49 27
99 82 48
17 8 20
79 76 42
41 44 11
4 18 37
16 43 45
8 29 32
48 6 13
36 31 39
41 80 70
21 6 37
43 92 73
80 93 69
39 48 5
30 85 92
32 49 33
97 66 16
22 86 73
32 13 29
70 90 3
2 7 19
38 45 29
50 11 21
30 45 7
29 44 32
8 21 3
39 23 15
97 74 35
8 10 36
83 98 38
41 8 26
20 37 43
87 74 50
46 96 85
43 23 23
23 72 96
72 71 5
86 72 95
45 30 24
34 43 25
46 41 43
35 49 34
26 20 33
5 36 17
74 83 4
38 7 31
87 89 8
36 42 40
35 7 30
64 92 91
30 30 3
15 35 34
79 58 54
39 11 2
49 15 32
50 3 31
29 35 46
91 42 90
26 94 87
29 28 26
7 5 50
42 29 16
8 31 22
44 23 7
47 44 10
92 83 1
5 12 31
19 29 33
91 82 59
100 24 88
6 8 23
68 3 77
93 81 5
89 22 99
26 9 50
37 84 71
26 4 15
8 14 14
44 70 78
97 80 43
12 3 13
13 27 1
30 7 38
12 29 14
86 54 50
39 34 30
26 7 10
44 34 9
17 25 41
83 2 98
37 45 23
17 7 14
16 45 26
13 6 13
100 22 94
47 1 23
99 55 51
97 41 93
34 38 19
16 22 33
31 6 1
2 24 29
1 13 23
80 9 72
76 77 5
3 9 6
13 6 17
16 38 19
44 11 21
35 14 49
52 51 80
98 3 88
38 11 6
26 6 17
47 49 35
5 19 12
42 38 36
93 74 50
50 32 34
27 29 39
24 13 15
50 49 29
49 50 8
66 87 21
83 13 94
17 3 16
31 47 16
71 83 34
70 87 62
35 84 74
48 12 42
25 22 26
37 22 30
39 29 29
5 2 25
77 95 26
91 36 85
20 4 25
26 37 49
45 21 16
2 76 87
22 3 2
5 10 31
74 97 59
49 22 47
23 82 98
89 50 85
34 40 38
16 27 43
25 67 96
70 15 98
5 49 13
3 15 36
81 77 12
95 88 8
10 10 6
48 17 6
19 12 40
74 35 85
46 46 42
84 45 97
