100 100 100
200
80 81 89
96 85 39
44 91 69
12 38 36
95 51 61
10 36 4
2 39 31
46 74 99
54 58 100
33 45 8
48 48 50
47 87 85
30 21 9
35 36 22
49 22 41
97 28 78
9 42 38
32 83 77
4 29 34
27 92 97
21 48 18
44 16 36
29 27 22
47 42 49
39 15 8
42 90 92
66 13 77
23 38 7
3 41 47
33 33 12
17 11 1
16 9 26
55 57 73
88 70 20
86 95 38
24 4 42
73 77 32
37 9 41
11 28 4
88 90 24
97 74 88
73 71 35
58 69 79
39 13 26
45 10 35
49 31 32
48 28 31
9 42 31
4 7 43
19 45 27
33 49 14
19 66 72
34 33 8
45 23 3
17 6 11
44 34 25
95 10 78
41 13 4
50 26 2
47 23 8
46 3 17
7 15 36
84 61 99
75 12 92
34 50 7
68 32 90
83 93 45
28 72 70
78 43 70
73 78 96
19 17 27
14 22 30
83 5 95
22 81 97
13 5 21
9 35 5
53 82 58
69 11 66
48 16 28
44 14 50
19 33 16
45 22 22
25 47 26
18 6 45
86 42 91
37 34 21
33 79 81
28 15 45
97 91 9
33 26 3
50 49 24
82 66 24
14 96 100
50 88 83
79 48 90
29 78 66
16 99 76
29 6 18
37 46 23
5 24 33
49 29 36
66 90 13
5 39 49
10 22 34
97 2 83
2 32 28
42 9 30
40 8 3
42 36 30
74 33 97
52 99 53
61 60 62
11 40 50
51 90 88
45 45 19
21 25 6
19 29 10
26 2 27
15 46 15
12 81 90
16 50 48
9 48 19
12 72 91
31 20 38
42 47 32
1 72 87
31 24 13
37 7 22
20 72 85
19 35 19
4 18 43
92 100 42
95 2 69
8 50 3
8 18 50
32 48 7
53 51 72
61 66 72
29 19 49
30 47 43
84 84 40
44 13 10
39 88 99
5 27 43
4 17 27
27 46 24
34 84 82
38 27 37
43 25 17
93 16 81
74 71 32
73 93 78
28 38 26
90 70 68
79 40 93
17 9 42
35 34 44
19 29 8
20 66 95
38 15 48
47 33 2
44 11 43
21 36 45
12 25 40
18 29 46
28 48 42
43 41 49
68 10 66
22 76 95
21 67 78
77 66 74
91 78 71
95 85 42
95 12 95
29 36 25
67 74 16
44 39 38
81 95 31
83 44 77
30 21 3
84 7 72
46 86 80
50 42 35
36 15 20
68 79 52
64 91 60
50 84 92
47 8 21
22 10 23
11 11 13
32 2 12
21 88 71
72 46 90
64 53 76
91 5 97
43 16 48
95 96 48
12 12 26
43 36 22
9 16 14
