100 100 100
200
39 25 36
35 22 45
1 45 10
27 1 33
50 19 20
14 18 40
50 71 93
87 95 59
21 45 9
26 19 21
33 9 24
96 79 19
91 15 85
3 27 23
87 99 6
28 69 83
23 40 46
45 70 83
8 92 75
90 81 21
98 76 61
81 93 20
44 26 44
46 43 16
8 9 5
50 3 42
95 65 57
9 23 33
87 60 80
35 76 86
62 54 96
43 16 23
46 49 20
46 2 15
20 79 87
30 49 16
28 75 84
8 24 23
77 4 67
29 24 1
40 92 96
70 95 78
90 78 16
80 72 16
23 24 24
69 34 75
54 71 60
31 80 81
57 92 90
18 33 18
96 45 69
10 25 11
100 17 85
11 22 48
49 10 38
67 26 83
96 80 62
58 95 68
72 44 80
93 94 81
3 100 91
13 20 2
76 85 65
14 31 13
83 28 99
16 38 26
80 13 71
96 55 72
34 46 3
40 97 67
99 79 61
49 6 13
57 74 65
95 76 12
94 37 79
70 10 93
93 90 9
12 39 37
15 38 30
43 84 66
6 20 49
13 100 78
46 7 32
91 66 92
88 91 48
76 99 63
31 45 29
22 22 7
28 93 66
35 21 6
36 14 17
38 90 91
36 40 19
77 72 5
37 42 8
77 92 15
19 37 11
98 80 78
48 13 21
92 40 67
90 58 96
15 42 5
13 6 44
22 96 81
66 50 84
48 3 24
14 40 26
23 12 6
100 89 28
62 54 77
35 6 22
82 19 79
4 91 77
92 8 67
4 50 6
13 45 46
31 43 7
11 37 12
36 18 40
85 90 67
52 93 70
35 36 47
13 4 5
7 47 40
94 99 37
27 30 37
75 17 73
94 51 51
41 68 83
72 28 98
82 28 69
19 36 9
18 49 18
5 31 8
70 34 91
7 10 16
39 6 18
73 33 95
39 17 16
26 35 36
95 33 78
84 12 81
2 98 78
70 28 82
76 65 88
40 35 30
1 89 69
66 67 71
50 85 81
18 41 50
86 93 50
11 87 85
88 19 79
44 26 6
12 10 35
84 67 49
39 17 45
37 27 33
10 12 22
3 20 30
43 18 24
36 23 27
42 44 22
9 36 42
20 4 29
22 48 19
11 5 11
36 50 49
6 22 30
83 96 5
88 3 90
88 67 31
42 2 4
24 83 87
5 6 21
44 1 26
17 25 48
7 42 14
22 16 41
11 25 28
47 12 1
34 43 40
50 4 14
92 7 97
18 46 16
33 5 47
1 29 17
25 40 50
18 19 1
31 100 87
73 2 82
40 92 83
47 12 27
97 45 74
49 49 39
79 14 73
53 82 74
74 78 34
37 27 3
1 98 67
