100 100 100
200
42 48 50
40 17 4
53 76 96
41 11 27
100 73 30
19 1 27
61 72 88
23 42 26
76 75 26
16 44 31
19 19 49
46 2 34
82 81 83
72 17 68
28 5 22
25 21 22
40 99 85
87 76 91
13 44 45
2 24 41
14 94 81
72 41 85
8 24 17
42 45 30
24 4 1
7 50 38
31 2 19
96 50 71
24 78 79
90 80 85
94 4 67
21 22 17
91 67 37
85 30 89
28 29 15
35 45 43
74 9 97
88 68 8
79 31 76
26 42 27
3 35 12
45 21 18
89 73 20
95 67 5
2 39 12
53 95 54
49 23 20
4 11 18
33 77 76
16 22 8
16 42 25
2 48 27
27 4 15
26 73 74
32 15 16
37 17 42
15 35 1
8 76 83
37 15 49
95 91 33
9 18 44
20 24 19
39 14 36
30 72 98
39 7 18
30 45 31
46 12 16
17 46 47
36 46 33
15 16 31
18 88 80
31 94 88
46 24 38
31 39 31
42 18 24
42 34 8
100 97 9
46 98 94
74 13 98
71 97 11
85 99 31
32 27 45
16 18 39
47 25 26
26 11 33
42 7 46
88 47 78
15 30 22
98 11 84
38 17 8
21 30 9
35 20 49
86 5 90
3 15 16
31 70 77
89 62 67
21 36 22
36 88 70
6 31 20
50 7 2
14 28 25
56 55 80
22 22 36
51 82 66
71 97 21
45 23 23
39 20 23
80 100 6
27 11 25
19 32 27
31 30 14
76 68 14
46 31 23
8 87 90
12 6 42
8 14 35
42 10 5
45 21 46
4 41 14
17 28 12
21 45 39
69 72 28
98 42 72
34 23 41
70 20 84
72 61 66
2 9 22
100 96 35
11 20 10
36 18 16
31 82 86
45 4 23
20 45 44
3 9 12
31 1 5
29 91 96
30 69 95
27 30 47
2 14 30
100 26 73
45 38 9
27 12 31
66 2 93
24 28 18
75 36 78
61 77 87
79 33 92
77 10 94
6 48 4
17 15 15
66 84 96
48 13 13
37 49 43
18 15 14
16 29 19
14 46 5
46 49 45
6 24 7
3 29 36
15 22 13
42 2 47
71 79 12
95 76 46
90 91 45
96 68 9
89 79 45
77 70 75
40 39 33
41 44 6
61 72 62
39 20 30
15 48 5
18 38 17
9 33 17
32 29 20
15 34 35
63 71 92
24 20 44
37 39 29
54 94 99
9 16 26
85 91 88
1 17 44
7 50 13
80 74 15
12 7 39
10 26 5
4 23 30
15 27 28
77 73 2
35 3 13
63 88 99
41 29 10
74 99 8
75 79 5
60 71 88
56 73 99
37 15 45
34 99 66
46 11 19
