100 100 100
100
59 84 24
48 46 58
19 18 48
23 25 31
73 67 7
89 53 24
70 32 43
61 43 45
96 93 100
84 12 85
28 2 1
60 36 56
85 64 66
91 29 7
59 65 52
14 6 10
96 71 72
72 2 74
19 45 53
76 3 70
65 51 63
26 59 86
9 89 72
61 9 3
28 83 28
89 4 64
2 61 55
6 1 59
82 55 69
85 19 96
90 97 25
62 53 70
67 30 12
11 38 13
36 8 93
13 20 3
60 78 19
48 13 52
58 82 56
34 82 85
60 90 34
12 27 71
58 27 71
44 64 3
20 91 2
63 48 2
85 3 85
3 5 85
94 51 47
59 51 48
8 12 58
24 95 87
20 62 78
29 33 25
13 80 62
67 81 24
89 31 33
34 39 24
44 5 30
90 15 64
64 8 48
63 56 91
71 34 12
14 41 84
1 3 76
62 72 34
52 78 89
26 72 63
58 88 36
67 29 41
10 77 47
80 46 14
98 92 53
62 6 51
79 60 53
91 29 21
21 76 34
3 43 41
25 47 89
100 44 41
59 87 8
52 63 100
86 33 5
81 2 30
27 82 71
8 2 53
3 42 25
68 73 89
58 62 96
56 52 87
98 9 5
74 94 67
57 29 92
39 75 28
100 34 79
27 71 85
53 70 86
20 2 43
63 9 44
94 6 100
