100 100 100
100
90 52 22
21 4 2
61 86 54
44 12 75
55 44 62
98 79 73
88 29 82
53 93 77
54 17 2
24 67 9
63 74 83
96 18 52
11 89 36
96 23 80
2 89 10
34 77 90
23 55 70
81 68 86
82 98 84
84 73 63
52 19 6
42 42 78
95 61 34
62 71 59
58 71 19
93 22 77
81 38 69
78 20 52
60 28 4
49 77 85
81 45 96
43 16 63
77 87 10
24 45 29
66 69 43
69 98 95
35 50 26
28 27 25
81 94 42
18 40 13
83 74 57
76 14 16
17 88 54
81 90 87
67 43 41
68 82 79
64 100 24
51 68 61
84 79 65
52 94 89
39 16 9
72 89 39
83 34 97
66 88 81
44 100 13
84 60 48
40 23 60
63 90 88
98 9 76
98 49 69
7 68 27
24 59 92
22 59 26
62 27 21
35 31 79
98 58 71
98 43 99
91 94 64
8 65 2
28 55 1
76 53 69
20 77 31
37 92 99
59 57 96
1 88 11
76 15 42
79 4 49
23 57 81
7 79 55
60 91 77
26 48 27
49 18 60
77 73 3
6 13 67
46 87 86
92 57 98
57 91 36
49 87 29
9 2 34
53 67 20
100 46 51
83 57 56
60 97 14
52 1 68
79 55 85
28 21 70
3 18 68
81 32 55
57 85 99
7 44 65
