100 100 100
100
78 36 46
13 52 62
13 74 54
32 24 35
31 32 70
86 67 73
88 93 42
65 25 33
18 89 22
28 35 49
55 10 15
36 2 72
15 57 40
4 67 44
70 89 74
38 65 74
39 47 66
61 64 42
10 46 68
16 93 87
64 47 86
54 2 50
7 97 74
74 59 19
2 87 11
45 18 77
61 30 61
2 88 88
40 92 56
69 37 13
89 69 96
59 56 87
45 47 6
8 5 21
34 53 15
25 90 91
79 62 54
24 31 37
17 50 50
38 100 61
79 86 81
52 58 48
65 72 86
77 78 67
15 19 29
8 46 11
56 92 84
7 52 61
92 19 65
48 90 69
23 96 81
40 21 15
23 58 97
6 40 85
72 60 73
92 24 16
28 31 52
87 62 8
38 93 68
18 29 5
47 48 3
64 51 92
94 3 70
34 51 77
27 67 99
94 86 83
90 19 35
67 18 20
36 81 58
36 71 85
96 29 77
44 45 11
21 76 59
91 1 72
69 68 15
40 15 14
87 84 37
27 77 33
43 43 7
44 11 77
38 44 67
41 14 56
41 97 3
34 93 23
2 51 90
72 69 30
81 47 20
33 79 93
97 82 94
17 15 8
92 14 43
75 45 100
84 53 10
24 21 76
83 19 1
12 53 66
15 86 44
73 44 23
85 77 51
35 36 53
