100 100 100
100
48 89 69
25 59 19
56 83 61
88 22 40
90 96 80
30 82 73
59 5 40
70 60 70
93 38 45
21 57 14
81 19 30
13 17 89
46 97 15
64 54 80
80 66 97
63 71 39
81 72 61
1 79 59
100 46 82
57 84 3
62 44 56
35 44 67
6 6 25
34 62 88
29 92 93
2 81 89
19 50 68
51 22 64
51 28 94
54 4 77
87 90 14
7 6 51
76 15 1
4 23 78
33 49 38
86 9 28
49 99 36
49 50 73
75 19 93
91 67 86
97 35 27
93 40 24
71 68 100
57 93 32
57 48 55
52 45 19
26 80 82
12 46 86
91 40 84
36 28 41
37 29 3
57 48 44
73 55 15
82 94 98
30 41 35
16 66 57
66 80 22
39 32 93
85 34 7
47 44 93
29 37 5
16 45 92
16 23 77
7 10 69
54 32 21
27 1 31
29 59 30
7 65 24
63 73 33
52 14 82
31 82 8
61 91 7
91 9 14
67 95 44
12 77 78
88 54 54
6 93 87
52 64 78
14 92 26
41 77 14
68 100 73
29 64 13
95 14 54
86 83 15
76 67 8
37 87 6
60 3 66
97 38 98
87 55 93
77 77 28
87 18 82
75 95 32
62 78 81
8 68 77
13 55 24
44 88 98
26 3 55
73 87 52
56 98 57
75 19 53
