100 100 100
100
19 41 39
90 65 23
50 91 67
97 21 96
100 9 43
75 44 74
77 66 39
74 42 6
15 34 67
13 80 26
8 75 44
89 31 5
76 90 89
77 92 65
91 90 71
87 30 3
72 48 55
42 41 27
91 95 97
45 26 68
61 40 79
15 87 83
4 14 27
95 12 4
3 96 76
58 43 2
78 19 26
47 57 41
9 13 81
38 22 94
38 62 33
56 9 68
54 32 95
49 90 86
79 94 60
98 79 16
68 35 71
25 68 10
34 35 35
95 85 62
68 83 26
33 23 53
78 65 15
90 55 48
52 76 82
49 43 28
45 69 81
68 93 10
41 60 2
73 15 62
52 13 26
73 26 72
24 3 34
59 1 10
89 69 46
89 9 49
5 28 41
44 55 29
79 22 45
75 10 34
12 77 8
17 40 93
39 92 83
79 20 14
80 96 44
7 67 80
67 100 76
48 63 81
41 14 7
21 4 26
65 86 38
77 90 4
62 41 68
96 90 65
2 85 40
37 40 95
72 1 90
76 98 70
84 40 44
85 44 2
47 57 32
18 15 69
50 30 4
39 22 8
51 84 27
53 54 35
38 8 61
62 44 2
26 75 91
38 40 49
81 71 20
76 98 65
41 2 99
93 66 25
44 40 46
29 70 79
36 19 13
74 29 80
78 18 12
64 1 6
