100 100 100
100
89 42 62
2 72 28
93 48 22
53 19 1
59 73 53
71 59 22
96 26 37
79 25 43
38 31 90
58 2 91
82 84 59
14 46 22
7 30 64
37 31 1
1 15 94
12 88 68
14 25 50
82 4 96
81 95 11
86 17 84
59 37 49
44 29 48
3 71 78
7 15 73
30 1 58
63 6 14
36 39 33
44 43 17
68 49 67
75 89 58
36 35 51
4 59 84
33 100 90
45 8 43
78 90 83
59 50 5
38 20 5
2 87 46
40 4 78
100 52 87
86 32 72
74 53 29
84 9 29
22 70 13
46 53 8
93 42 36
15 57 79
73 87 35
40 29 21
61 53 82
66 46 48
90 53 49
26 100 52
35 7 71
99 50 56
13 99 90
95 29 11
96 77 14
74 63 84
4 25 22
94 18 62
17 34 41
61 12 42
52 79 6
55 61 66
40 82 28
6 40 23
88 10 37
20 6 82
89 47 23
52 39 69
42 88 100
32 26 75
72 84 37
45 94 51
85 79 35
91 10 40
1 33 15
55 89 63
82 10 39
77 13 38
6 65 26
4 95 55
91 12 52
25 100 45
18 20 11
17 64 7
26 51 7
64 96 42
98 54 69
76 75 59
28 48 45
19 75 70
77 13 74
74 76 21
61 5 11
99 36 72
74 72 61
49 87 18
4 84 6
