100 100 100
100
60 94 84
67 78 32
87 56 28
62 18 5
69 38 16
16 73 23
14 87 88
83 59 79
12 79 12
50 25 3
9 92 25
90 60 86
37 23 38
50 69 38
12 39 68
36 95 32
5 1 44
71 66 64
72 96 26
26 59 1
58 33 20
24 72 64
1 79 28
68 65 89
4 5 89
19 20 27
95 60 39
40 78 46
26 34 6
59 7 75
35 7 70
1 10 49
11 17 84
90 75 99
76 87 53
71 68 93
57 56 40
26 53 31
99 72 20
52 70 11
5 80 19
14 36 58
91 6 44
3 84 77
41 81 35
38 88 45
86 46 78
29 34 11
38 49 39
50 92 3
81 30 71
6 79 77
77 96 71
12 14 83
58 30 19
38 42 82
34 77 30
49 100 98
68 51 22
32 39 11
77 58 65
70 29 42
84 81 48
24 89 99
81 73 89
72 96 77
44 81 17
29 56 42
46 99 56
6 89 19
86 91 99
58 35 45
3 58 29
49 79 10
35 54 13
34 65 28
9 18 43
25 67 7
25 37 81
78 77 27
8 70 97
95 16 82
59 11 53
96 3 45
100 69 64
82 39 40
95 69 54
91 9 11
3 68 40
59 17 90
22 80 97
29 51 78
98 99 88
62 11 22
5 13 43
46 87 44
9 52 82
27 14 89
71 7 25
45 66 59
