100 100 100
100
30 47 7
79 85 37
30 13 35
70 16 10
28 2 26
12 36 23
33 47 86
88 42 16
35 76 35
95 47 68
35 1 40
67 75 3
68 15 13
10 8 22
22 64 91
61 53 97
47 26 87
11 29 81
62 96 40
15 50 65
56 30 42
53 14 81
100 88 31
28 68 6
31 10 71
76 83 39
53 28 98
37 64 22
85 70 92
44 74 39
33 28 40
49 12 65
90 85 27
86 93 8
23 31 76
84 39 82
27 93 74
3 72 67
57 41 63
57 37 88
75 29 65
55 18 34
97 50 58
35 47 42
83 10 61
82 87 53
4 34 28
34 80 36
37 70 58
86 30 75
95 15 41
23 58 6
79 93 89
88 20 96
16 11 29
10 84 23
72 26 100
53 22 35
15 92 61
13 6 51
59 47 67
70 23 42
54 49 55
97 48 91
8 38 11
53 63 25
83 21 64
69 3 98
25 39 31
74 80 64
21 44 78
23 33 41
73 43 84
77 73 30
78 63 76
82 4 68
76 27 45
50 2 52
96 86 100
23 91 64
86 26 3
83 66 39
13 76 4
48 93 37
74 85 82
47 5 16
74 25 48
55 16 16
93 89 39
19 79 10
17 84 36
29 1 10
76 24 7
46 58 71
35 97 66
78 22 24
20 69 41
27 5 18
42 76 31
85 97 59
