100 100 100
100
1 47 77
44 91 93
24 21 41
27 15 66
86 67 89
57 50 72
51 8 85
44 76 4
57 24 57
87 70 32
62 9 54
43 89 19
98 56 87
23 46 59
81 88 13
85 12 61
90 2 81
52 43 49
1 97 55
55 40 82
55 26 13
33 57 45
98 96 81
89 18 74
5 14 54
32 45 52
64 49 4
33 99 99
43 7 31
28 92 4
84 100 59
98 63 82
68 2 21
83 60 64
21 28 98
44 57 70
46 77 57
27 90 4
64 9 5
9 55 12
94 77 64
95 49 63
4 47 25
68 61 58
78 38 88
27 85 62
75 23 27
90 75 60
35 90 76
75 17 96
10 47 64
39 84 34
30 89 60
13 27 56
75 39 92
35 27 15
11 26 71
6 45 19
9 80 99
41 20 40
42 87 22
71 70 43
77 70 13
17 58 84
34 2 34
85 77 74
21 62 58
10 49 3
3 32 5
91 22 60
55 48 8
39 32 38
96 75 90
54 68 3
68 71 38
31 90 9
94 35 96
74 36 44
66 82 18
19 58 52
17 35 62
72 17 95
68 92 54
1 32 82
49 2 49
63 24 93
100 30 95
20 22 20
32 9 37
80 42 79
11 89 74
30 4 43
3 48 77
31 56 71
18 34 88
11 4 57
82 85 99
28 47 46
64 96 86
26 79 12
