100 100 100
100
71 100 100
56 98 98
67 30 48
35 13 71
97 79 51
1 65 72
70 68 83
49 59 41
32 21 80
32 44 45
36 66 69
20 4 36
29 48 62
83 85 43
91 65 88
10 18 26
80 79 76
40 6 18
91 97 69
96 83 46
53 23 35
62 99 62
97 53 84
1 21 91
32 67 36
89 60 64
22 17 11
82 85 75
2 91 17
13 59 20
82 73 77
46 65 46
99 70 16
27 78 73
68 72 21
57 28 7
16 14 91
4 9 88
22 26 48
14 22 37
12 26 10
36 31 39
10 43 39
48 76 23
72 67 14
23 84 70
45 11 25
95 21 37
34 59 47
63 55 16
24 32 86
56 11 11
32 38 78
89 33 69
85 20 2
59 69 8
1 75 89
58 67 4
4 69 38
70 35 80
24 28 24
23 64 43
99 38 20
90 17 28
61 67 56
18 92 22
60 2 5
50 48 59
30 72 28
59 65 5
42 1 39
56 30 34
66 8 45
82 62 23
11 80 49
79 29 49
61 96 98
99 23 89
37 31 37
16 24 89
47 91 68
60 67 4
22 57 5
53 22 74
71 70 67
28 90 21
79 34 89
84 81 25
70 82 36
92 4 99
6 41 13
82 54 75
81 73 96
67 3 20
48 70 11
95 39 37
93 2 10
80 90 27
35 65 92
66 62 12
