40 40 40
200
3 1 12
17 9 32
24 22 4
17 32 30
13 32 29
35 26 27
13 24 20
21 30 3
33 19 24
10 29 13
22 35 25
11 22 19
28 4 10
6 2 33
12 26 10
12 25 13
30 28 21
5 28 18
15 6 1
20 30 26
4 13 34
16 19 19
31 11 14
22 24 7
34 22 33
12 22 7
26 13 30
10 22 25
9 6 28
2 5 1
32 26 25
3 5 9
5 19 28
5 1 29
3 32 19
22 24 33
18 3 8
19 22 23
24 35 27
35 23 1
15 23 33
28 10 8
13 6 12
27 27 30
10 9 21
6 19 10
11 32 12
13 4 1
15 29 9
18 11 30
32 33 21
2 8 2
16 35 9
32 5 12
13 17 21
30 20 9
34 35 10
4 20 30
22 26 8
12 24 18
29 13 7
5 35 2
5 31 22
11 25 9
16 34 7
12 4 23
22 4 23
15 8 29
14 8 1
32 19 26
32 14 1
32 31 1
4 31 5
16 35 20
25 29 31
4 10 3
26 35 34
12 14 24
23 3 35
34 26 18
26 10 23
1 25 1
33 3 35
10 6 35
27 34 11
33 10 6
21 1 29
11 34 33
33 23 22
25 19 17
6 25 21
16 21 22
35 34 7
28 18 1
32 2 19
15 31 21
10 29 10
13 13 29
7 30 15
25 2 32
19 35 10
23 15 35
3 21 15
26 3 34
17 31 14
18 23 35
3 3 4
30 20 6
30 24 6
14 6 2
29 28 23
13 23 10
28 6 7
19 16 11
9 33 13
19 26 1
22 14 31
25 2 6
34 31 29
3 2 25
15 11 18
10 7 7
6 21 9
14 14 18
12 32 24
11 13 11
33 17 19
18 14 32
18 18 2
28 27 15
34 29 30
20 29 4
24 3 11
30 7 31
15 19 11
25 21 3
24 35 27
30 22 25
6 18 18
17 35 9
26 8 27
35 10 13
18 4 21
3 26 7
5 24 6
10 22 30
17 12 13
12 27 31
35 20 5
22 32 4
11 24 26
12 11 12
11 9 5
21 12 28
4 15 13
5 3 15
8 23 31
20 13 33
27 32 9
23 25 32
14 8 21
3 23 20
21 33 12
29 10 13
32 18 13
6 23 24
6 28 11
27 28 28
14 13 23
23 19 35
4 26 16
10 17 30
20 35 11
9 22 29
34 5 24
3 28 2
30 3 26
33 8 11
18 11 1
13 26 27
18 17 6
19 19 23
12 35 13
11 27 21
19 31 14
1 2 1
33 8 4
14 35 23
32 26 9
6 14 29
1 28 14
27 16 16
23 29 12
9 17 31
33 2 28
35 26 11
18 6 10
27 3 20
28 26 33
15 34 4
