40 40 40
200
6 12 20
8 12 1
29 35 3
8 12 14
10 31 14
7 12 6
1 26 21
8 10 8
28 30 31
25 4 7
32 27 34
12 24 12
34 34 33
29 11 14
5 3 35
35 21 23
15 17 4
34 14 18
3 32 22
18 5 14
23 6 7
17 9 21
12 16 29
11 3 8
27 27 17
1 35 30
28 7 34
25 4 8
5 22 13
29 23 15
23 14 14
31 26 27
10 18 3
16 20 30
18 25 9
31 32 30
10 5 2
19 4 16
25 27 18
4 26 32
33 22 1
7 27 23
24 24 33
9 16 11
17 18 27
11 3 27
5 14 6
16 12 22
5 32 7
11 17 1
25 22 15
15 4 19
32 22 16
24 32 33
19 15 22
15 29 23
12 22 27
33 21 9
8 15 29
35 3 18
17 8 1
1 33 28
19 29 21
31 29 1
12 32 35
28 30 25
35 29 33
12 10 35
1 18 12
1 35 26
3 12 6
2 32 31
31 11 31
33 21 30
34 17 9
14 21 7
24 1 19
27 16 9
15 7 26
4 28 19
30 6 35
13 20 6
29 18 25
27 35 9
1 22 26
12 2 16
5 25 5
5 13 15
4 21 25
27 29 33
30 7 12
12 19 26
33 29 24
1 19 1
34 30 33
11 8 21
10 12 27
4 11 34
14 21 10
8 30 32
3 3 7
14 34 31
15 35 11
34 26 25
19 14 10
7 26 35
9 17 26
25 16 14
4 15 3
21 2 22
18 7 28
20 9 6
16 28 5
17 23 35
3 1 2
4 20 23
9 12 19
6 35 27
10 1 5
10 4 11
35 25 25
5 18 16
4 24 14
20 4 9
33 18 22
21 8 16
4 17 29
17 19 21
31 34 9
2 7 3
6 4 6
17 30 23
12 22 8
14 14 20
4 6 34
12 16 31
2 32 19
16 16 15
18 15 1
33 5 22
26 14 34
4 7 26
26 21 10
33 2 14
21 23 9
8 8 28
33 18 20
35 12 27
3 6 15
15 13 9
27 25 24
13 30 14
26 16 23
24 7 15
4 25 18
29 9 32
19 18 14
21 16 5
1 14 1
13 12 22
3 8 9
5 10 22
25 8 26
34 29 26
26 3 30
28 15 27
27 27 14
16 3 14
26 1 32
12 29 31
4 27 3
22 19 3
17 24 1
18 14 27
32 14 33
22 10 25
1 3 24
31 29 12
20 22 34
6 5 21
8 32 18
30 24 28
8 8 30
17 28 8
32 19 5
12 15 33
14 26 14
16 22 22
15 9 1
27 5 1
17 19 16
22 27 17
28 22 10
13 22 22
7 23 7
28 10 2
1 22 30
31 29 28
3 18 6
22 35 4
