40 40 40
200
9 33 19
15 5 6
11 28 33
1 16 29
16 22 25
5 15 33
18 35 26
10 22 29
27 30 1
14 2 12
34 13 19
12 1 10
23 5 29
27 35 13
1 10 19
31 17 2
26 29 20
24 35 29
31 35 31
23 15 33
13 4 7
9 29 15
9 7 19
3 11 13
8 26 34
13 19 10
15 9 26
6 32 29
12 21 15
11 31 21
33 23 19
17 31 31
18 1 17
35 5 35
16 24 11
12 9 31
19 34 13
20 18 15
13 1 31
4 1 35
29 16 35
33 28 10
25 28 7
10 6 16
10 7 13
16 22 24
30 11 26
27 21 7
3 29 7
32 8 31
7 12 4
3 6 10
22 23 18
29 2 14
27 32 2
13 28 31
5 10 6
4 18 9
28 19 6
5 3 17
32 3 7
13 30 8
33 35 33
18 8 2
32 23 30
17 18 12
10 15 29
6 9 16
7 34 8
34 1 15
1 21 19
6 8 23
10 35 19
25 30 11
15 22 23
3 21 9
7 23 30
21 28 1
23 16 18
8 28 24
27 32 35
30 21 27
33 29 5
10 25 13
22 11 30
12 24 35
12 26 1
16 35 2
12 8 5
1 27 6
2 30 4
24 12 10
22 33 32
28 24 29
8 29 11
33 10 19
2 15 35
1 3 7
2 18 2
21 19 18
18 11 5
34 29 31
9 27 15
21 31 30
14 1 26
15 16 29
15 34 32
35 2 19
6 7 2
35 26 28
4 29 33
21 4 35
26 8 31
8 21 32
22 20 3
35 9 34
8 33 25
29 35 35
1 13 9
15 4 33
18 25 23
11 35 18
30 8 1
13 28 2
31 17 31
8 18 4
32 10 4
9 28 31
6 6 5
13 23 17
17 28 29
6 18 7
1 7 4
24 25 2
14 23 1
9 26 3
18 3 24
8 4 17
35 30 8
21 8 10
19 29 35
31 19 10
9 30 28
21 28 20
31 12 34
3 11 29
26 3 14
6 9 9
23 15 17
23 16 4
12 8 1
22 31 1
24 18 15
23 2 12
14 30 5
20 7 24
18 23 19
5 35 24
29 25 2
4 24 12
7 5 23
22 25 3
16 13 3
30 14 9
7 29 5
26 1 11
31 1 8
11 31 6
34 2 31
8 12 31
24 18 14
26 13 28
27 3 4
31 35 10
2 21 6
25 12 9
12 6 8
15 15 23
12 1 35
25 22 18
20 10 33
18 7 1
4 13 4
16 10 15
30 28 27
31 35 34
28 26 26
25 24 21
18 3 33
17 2 29
11 7 28
35 32 5
19 29 16
9 7 29
2 1 33
14 31 21
27 16 27
29 34 7
13 10 2
5 19 23
