40 40 40
200
2 19 27
24 2 16
11 12 5
7 34 29
20 11 32
21 28 26
12 10 19
35 27 21
10 19 14
7 21 35
10 27 14
14 16 2
19 17 14
24 34 4
1 30 17
16 20 27
33 31 20
19 8 18
11 5 25
4 13 27
33 31 2
15 26 35
23 16 25
18 22 32
30 31 11
15 29 12
3 27 35
3 6 20
16 12 1
21 35 17
21 21 12
30 21 5
32 29 7
6 31 19
18 3 4
15 18 30
7 19 17
10 27 29
1 15 24
32 3 35
7 10 13
4 33 11
1 14 1
27 9 26
32 6 4
25 14 2
25 24 4
7 25 2
27 30 6
10 16 8
16 15 9
5 28 7
27 35 26
25 33 17
5 1 29
7 23 19
33 9 24
26 15 24
23 25 5
34 30 27
34 29 29
8 24 13
13 3 22
26 4 6
14 13 17
35 33 35
34 25 24
31 11 25
1 1 28
12 19 17
18 6 15
28 31 32
15 28 34
21 24 13
18 16 4
1 10 14
1 12 2
31 8 26
24 30 2
30 29 8
15 18 23
23 16 19
32 9 34
32 20 2
16 22 13
27 25 16
16 27 30
20 2 7
2 29 24
11 34 6
22 34 23
19 14 32
20 33 11
27 8 23
18 20 4
27 13 4
18 2 14
11 6 21
10 19 23
16 2 15
18 33 34
21 19 3
28 20 14
15 25 15
24 5 4
13 8 22
16 31 14
4 6 31
18 26 9
22 35 18
15 31 7
7 7 26
11 11 21
33 2 29
22 8 4
17 26 33
28 6 18
22 34 7
4 31 25
28 5 5
22 5 27
23 29 18
20 31 15
1 8 8
4 3 16
29 22 8
32 4 2
11 6 6
30 28 32
34 32 32
11 26 4
14 29 11
12 33 21
19 7 21
24 3 25
17 7 4
11 19 20
32 22 10
28 29 34
26 5 12
13 16 30
5 4 20
34 22 34
3 31 32
23 24 26
20 1 27
13 7 26
34 25 21
24 9 28
23 34 26
35 14 35
33 5 24
3 26 1
24 28 20
13 11 31
13 24 20
17 10 18
24 11 2
20 29 29
31 22 26
13 3 3
19 28 22
35 29 18
30 5 29
28 29 31
24 15 22
34 20 4
31 21 30
18 4 3
15 29 3
8 11 25
6 10 15
35 17 19
29 14 4
18 3 22
11 7 3
30 8 1
31 23 11
17 25 33
26 7 22
21 2 14
28 29 15
7 25 8
20 17 22
5 26 29
2 32 33
24 8 24
35 14 32
5 16 33
29 3 28
20 34 8
9 12 28
2 30 19
10 21 3
5 13 4
27 12 9
23 25 8
7 31 5
34 28 28
31 3 8
