40 40 40
200
8 16 22
22 33 25
33 30 11
26 18 5
35 1 28
26 17 32
5 21 13
24 19 12
27 30 26
11 29 34
22 5 20
15 30 28
14 18 21
10 32 31
2 14 14
23 24 16
6 32 19
15 15 6
15 11 20
19 33 34
7 22 10
8 24 31
1 24 7
34 9 3
4 35 24
4 26 15
27 23 31
34 28 12
19 27 35
30 3 2
10 6 6
9 24 27
10 23 31
13 35 25
31 30 31
5 3 28
8 15 22
11 35 21
13 28 16
1 16 11
33 3 15
9 16 25
13 24 31
33 23 35
32 4 31
12 17 16
21 3 30
33 7 31
27 18 16
12 25 9
26 29 27
6 14 15
10 11 35
22 30 7
31 16 10
2 31 29
27 7 20
14 13 3
17 18 3
27 9 26
2 19 17
4 19 19
6 19 33
33 22 34
30 2 5
17 24 24
34 1 30
22 12 12
17 4 12
14 24 18
22 13 10
2 20 19
21 20 25
30 19 4
8 9 31
35 21 20
29 35 33
5 22 3
24 8 20
4 31 14
16 5 35
17 12 22
32 35 4
20 16 15
34 34 32
18 4 33
19 17 2
25 15 11
16 26 7
22 7 7
6 4 6
15 5 8
19 32 24
27 14 28
6 35 31
10 27 2
33 23 27
22 8 34
5 7 33
12 7 1
17 9 29
32 10 34
34 26 14
33 18 11
33 10 28
10 1 16
28 27 7
21 23 9
17 9 17
20 20 9
25 9 29
15 11 16
32 13 10
22 7 27
23 30 29
33 32 8
14 13 35
26 32 1
6 1 5
5 7 13
25 31 9
24 22 29
9 6 7
35 22 27
11 23 23
14 4 13
31 32 22
14 20 17
18 16 35
19 28 34
29 25 3
35 18 14
1 2 2
1 2 27
35 7 15
1 12 4
17 22 17
10 4 2
22 29 12
18 13 13
18 2 26
1 25 17
13 13 6
21 10 33
14 35 19
13 13 14
22 33 4
28 7 34
24 4 5
24 30 14
1 21 33
20 25 13
4 35 23
3 18 4
23 14 11
28 28 29
27 10 6
9 33 28
22 34 34
12 21 29
6 35 5
15 30 5
18 32 32
31 9 13
3 5 23
9 28 9
1 28 24
27 24 8
26 28 34
35 22 34
16 26 23
22 29 13
7 20 12
28 15 32
33 31 4
33 26 10
24 11 18
13 30 35
23 15 32
26 3 13
23 30 29
27 17 28
11 3 34
25 23 28
16 11 7
32 30 31
7 26 23
11 15 30
26 16 34
5 3 16
30 13 22
29 16 5
33 30 35
10 34 1
9 24 9
29 17 31
32 35 25
21 27 27
31 12 32
21 23 27
