40 40 40
200
13 14 30
31 30 12
33 2 18
9 1 5
4 25 35
7 7 25
34 31 6
14 24 4
22 19 4
4 1 34
21 7 15
17 10 20
10 30 6
7 31 10
2 34 24
8 15 6
1 22 7
33 35 30
30 16 14
23 19 5
15 14 5
14 21 28
15 33 13
26 20 22
26 5 1
6 24 17
15 6 28
8 2 3
23 18 21
5 30 33
33 4 34
10 14 13
1 4 21
7 26 32
10 21 12
8 24 15
31 12 26
1 9 12
1 7 9
29 18 11
11 32 16
15 33 26
24 10 25
15 3 10
31 3 22
21 21 29
4 16 8
13 11 26
16 19 15
25 21 9
35 9 9
8 13 24
15 23 8
18 26 10
9 32 25
19 3 17
20 18 15
1 10 30
12 24 2
33 24 1
4 33 4
11 13 12
33 22 10
29 18 26
12 27 27
23 4 12
23 11 2
12 14 33
11 29 32
27 7 8
27 21 6
24 8 5
26 25 5
26 13 6
11 3 24
33 10 2
11 24 5
15 14 28
25 22 4
26 32 33
16 26 23
10 7 14
31 15 10
7 11 27
28 22 15
33 5 26
23 18 31
29 17 16
29 12 26
32 14 7
26 31 25
10 7 30
17 32 15
26 33 22
16 26 24
27 30 22
26 10 18
9 11 25
13 8 19
7 25 33
29 31 11
19 23 29
6 31 13
27 12 8
31 14 6
8 28 32
6 12 1
25 27 21
29 28 24
7 29 34
1 11 3
24 14 19
29 16 35
12 11 24
23 18 30
15 14 7
34 33 28
31 31 31
21 19 21
18 8 20
29 11 13
1 16 6
34 29 33
35 2 10
19 9 8
12 8 5
19 3 8
16 33 15
7 3 4
5 25 2
11 23 1
8 29 18
12 5 19
31 19 34
33 22 4
9 16 17
10 26 1
34 22 30
15 5 3
23 22 15
12 24 21
33 33 15
3 5 12
3 13 10
6 24 11
30 3 12
32 2 16
9 11 34
13 33 4
24 13 1
1 27 32
31 34 1
18 8 32
4 9 12
34 30 2
21 33 25
26 9 5
28 21 6
13 3 26
4 19 8
12 33 8
12 33 12
14 13 12
31 35 10
12 5 14
30 30 32
27 35 20
12 14 20
10 30 6
19 16 6
35 19 22
2 26 35
15 22 27
14 29 14
2 13 20
19 21 16
7 25 34
6 3 11
16 4 18
27 35 5
12 22 22
25 4 19
2 15 26
29 7 23
26 9 9
3 27 18
3 8 21
21 5 6
13 29 22
17 27 15
4 28 14
3 31 28
16 8 3
11 13 10
12 1 15
7 33 19
5 9 29
22 24 13
17 30 35
12 7 12
