40 40 40
200
19 34 2
29 26 21
20 20 24
16 8 4
19 3 8
12 31 31
27 7 35
3 16 7
4 30 16
31 9 21
33 20 9
18 1 11
5 8 25
28 29 2
3 18 21
27 19 30
9 23 6
29 7 6
11 22 9
3 16 35
24 5 13
19 19 12
28 29 30
7 7 28
35 9 14
7 21 20
4 2 1
4 24 7
26 10 8
26 33 18
22 1 5
24 17 23
14 33 10
14 30 15
11 1 4
10 32 13
32 31 19
2 17 27
25 20 1
33 31 10
25 25 18
20 4 5
1 20 20
21 5 31
31 24 14
31 24 8
35 30 22
4 28 32
4 19 13
4 30 22
10 11 27
9 34 32
33 34 17
3 23 12
23 35 18
14 11 27
26 16 34
1 8 9
18 17 35
26 3 35
7 23 4
7 20 18
26 3 33
1 1 19
16 16 15
5 30 1
11 22 31
3 27 8
4 32 16
6 24 9
8 5 1
10 20 27
9 17 19
23 8 32
1 31 16
32 21 8
4 12 13
24 28 5
25 23 22
12 22 4
5 13 35
4 3 5
31 6 15
30 30 17
23 34 34
12 7 8
26 8 3
34 18 20
8 32 9
20 34 8
10 1 8
18 33 18
16 31 28
26 4 15
27 18 28
22 9 20
6 31 31
20 13 3
8 8 6
3 7 31
28 7 6
30 14 2
12 25 13
10 5 4
5 19 18
5 21 26
6 8 29
30 9 34
5 11 20
28 14 25
11 12 13
9 18 9
15 18 12
1 28 22
24 28 20
31 32 5
20 5 22
35 29 2
23 1 1
30 10 28
9 25 30
14 9 17
23 16 25
34 16 17
26 29 15
32 13 10
18 31 5
19 35 26
7 26 7
25 21 16
29 22 35
29 18 21
24 32 35
25 2 17
9 26 29
28 21 17
4 29 33
12 16 22
9 5 28
27 18 16
5 10 17
6 19 24
29 8 19
33 15 11
32 35 4
23 27 11
18 28 17
3 28 12
13 28 16
25 32 24
2 34 30
6 19 25
31 17 19
6 22 31
9 10 29
13 14 34
1 9 5
13 8 32
15 8 19
32 18 23
5 18 22
31 35 30
32 28 26
32 4 29
34 16 29
27 8 19
29 20 17
31 17 10
30 19 14
4 32 2
20 11 32
18 22 33
22 2 20
13 7 7
17 29 2
6 5 11
24 28 16
23 22 35
22 29 17
27 31 8
14 15 2
24 27 32
6 28 17
34 13 29
25 6 22
33 25 16
21 26 20
32 29 4
34 6 23
28 27 15
14 7 28
11 12 5
35 8 19
11 26 8
16 12 20
21 3 29
14 19 11
1 8 35
14 14 4
2 27 31
