40 40 40
200
24 32 33
3 23 31
20 4 31
34 26 4
23 27 3
16 9 1
21 17 28
5 21 34
22 7 29
1 16 21
9 34 4
20 16 3
1 8 10
13 28 28
3 15 31
12 22 20
4 25 6
24 15 30
26 27 3
19 2 6
32 32 8
13 16 9
7 3 1
22 18 12
22 14 14
9 31 22
27 32 33
1 33 33
30 24 6
1 25 14
22 22 33
2 7 9
28 14 35
8 21 22
25 27 32
1 18 12
20 28 23
27 26 18
1 22 29
3 33 22
15 7 31
26 21 6
24 6 14
3 20 6
18 23 5
5 28 21
30 8 35
19 9 27
28 8 12
17 3 22
19 26 9
11 33 29
3 23 25
34 19 3
1 16 33
8 6 15
19 15 29
23 5 24
13 11 34
20 30 10
9 14 26
2 14 23
18 6 10
9 32 11
33 29 2
23 10 24
35 32 3
28 29 29
21 34 1
7 30 34
13 13 20
20 8 13
14 22 11
31 2 34
4 25 32
30 10 13
21 1 8
34 8 30
26 2 6
22 23 23
5 11 23
32 33 32
30 21 9
29 25 29
17 10 17
27 20 24
30 32 32
3 32 25
33 18 28
30 6 8
7 5 27
13 23 5
14 31 7
2 23 9
2 32 21
4 12 5
22 18 10
30 16 17
16 32 27
33 25 16
28 29 35
5 4 32
19 30 12
4 11 1
15 23 31
3 13 19
19 5 23
34 13 11
17 30 27
27 23 15
22 26 22
18 21 35
12 21 2
26 32 7
24 16 21
13 14 16
5 13 15
5 28 32
26 19 29
8 11 23
13 5 34
14 3 17
1 4 16
34 31 35
11 15 23
18 17 14
18 25 26
9 13 1
31 1 34
11 18 19
11 8 33
2 6 13
35 35 29
8 19 24
19 6 18
1 25 18
9 10 29
24 34 15
2 4 7
32 27 18
34 32 12
3 27 22
19 35 25
15 18 23
24 12 31
5 17 9
28 32 29
31 9 24
14 22 27
13 15 11
25 5 29
17 28 13
33 25 5
19 13 16
20 26 20
29 19 30
35 31 27
32 31 10
6 35 11
12 16 25
11 16 25
28 3 14
28 9 6
32 7 26
8 16 20
13 22 7
32 27 1
16 7 22
14 21 9
23 26 32
27 27 31
10 7 20
30 4 35
34 21 24
33 23 18
27 35 17
7 30 32
4 30 23
15 18 15
28 28 35
15 7 18
22 14 11
9 5 9
3 32 1
35 4 24
4 22 15
17 8 18
19 19 15
21 19 23
5 16 14
23 34 8
20 27 28
30 9 22
12 17 17
31 24 26
34 19 17
22 28 27
2 5 33
35 32 7
28 11 16
