40 40 40
200
30 29 5
1 19 5
7 10 2
6 10 15
26 17 11
33 33 30
14 5 34
29 13 25
16 30 6
28 24 20
21 12 33
21 30 29
31 21 29
11 26 8
4 34 28
31 14 9
12 26 5
20 22 18
7 33 33
22 34 1
6 23 4
18 14 28
20 11 6
15 5 18
31 18 27
10 28 25
16 16 29
32 20 25
33 16 28
10 28 34
11 19 27
16 33 31
6 8 24
15 25 5
3 7 24
3 3 10
21 24 28
28 34 10
25 35 21
30 11 21
29 35 33
31 27 8
1 28 9
21 34 15
18 21 32
15 31 35
14 22 14
10 14 21
16 8 10
19 12 23
29 28 27
12 19 2
21 34 34
31 16 5
27 31 14
3 14 25
13 25 13
11 3 15
7 16 32
13 9 9
12 4 14
10 9 29
11 10 21
16 15 16
14 18 25
28 24 13
23 8 32
31 30 4
14 25 20
21 12 35
17 20 15
6 32 23
20 14 25
28 32 2
6 18 24
17 21 19
14 24 16
8 22 7
14 15 24
8 25 29
6 33 35
26 29 23
30 12 14
17 21 7
12 34 1
18 22 18
33 34 4
31 33 6
12 15 23
6 14 32
26 10 10
9 26 28
1 30 32
2 29 14
13 24 13
34 26 3
14 4 35
6 18 30
11 32 2
29 7 14
27 5 30
28 18 28
25 24 12
22 4 32
12 5 8
35 6 13
19 1 16
16 30 24
16 13 35
13 8 6
32 27 9
26 2 25
33 23 26
3 14 5
25 3 11
6 20 14
3 32 32
32 26 3
28 1 9
20 1 31
16 31 4
27 31 28
25 26 8
21 10 19
18 12 7
15 22 7
17 18 23
12 27 35
19 24 2
31 14 21
29 7 32
23 18 16
12 27 10
2 14 7
18 22 20
20 7 30
3 13 26
14 16 7
31 16 32
1 35 19
4 18 8
34 13 19
10 26 32
33 32 1
3 35 24
33 29 31
2 23 7
25 26 2
2 17 4
14 11 34
26 12 27
27 13 2
11 34 15
21 3 23
30 6 35
21 23 27
10 31 27
17 6 1
8 5 4
5 15 5
4 13 27
24 5 20
11 12 20
33 34 10
30 27 12
10 23 29
34 12 33
12 10 12
22 10 17
8 19 5
12 19 6
26 3 18
2 7 28
33 22 17
13 4 35
14 31 24
1 33 14
33 2 35
21 8 2
5 24 26
17 12 10
21 2 24
1 18 12
8 3 30
11 24 2
11 20 1
35 26 17
30 8 13
7 19 12
16 16 2
33 13 22
5 8 17
14 9 26
12 30 15
35 35 31
1 24 4
19 3 9
16 1 20
20 16 34
18 31 35
