40 40 40
200
35 27 13
10 16 15
7 29 9
24 28 15
7 6 6
2 23 35
8 15 27
19 6 17
34 7 19
33 31 8
32 26 28
11 10 21
4 21 14
31 25 34
4 19 26
16 17 34
19 16 5
3 7 7
22 3 27
3 20 7
14 15 11
12 11 25
34 20 24
30 16 25
18 23 4
35 26 27
4 11 26
29 29 16
2 7 26
20 20 18
34 17 20
17 35 5
20 24 14
21 16 12
5 33 17
6 12 9
9 9 32
18 31 24
13 14 14
35 13 21
7 29 34
2 9 21
12 2 3
26 2 2
17 20 35
24 35 13
9 35 27
25 30 28
17 9 9
32 8 23
3 8 32
14 6 11
26 11 7
27 35 8
5 12 6
20 21 13
18 24 8
10 23 30
2 10 31
7 24 7
14 18 13
5 3 34
3 25 10
24 11 8
31 8 12
11 16 1
12 18 4
21 32 25
8 27 28
22 30 2
34 5 11
16 8 9
25 7 5
1 26 27
32 12 17
15 10 1
31 13 11
18 2 32
15 29 8
30 26 13
29 19 23
19 24 15
29 4 20
4 4 31
6 10 7
33 35 34
2 23 10
35 35 11
25 1 7
16 21 32
11 2 29
16 16 3
34 30 11
1 1 8
23 15 6
16 29 23
30 26 14
28 21 21
19 21 23
12 13 34
4 27 24
3 8 35
32 29 11
16 33 29
22 9 33
33 33 6
32 21 33
20 34 1
28 32 7
35 29 31
8 29 18
12 5 16
30 26 16
28 18 2
2 26 12
23 2 13
23 5 25
2 2 33
31 19 25
33 2 3
20 11 20
4 25 5
15 14 22
21 25 25
26 33 15
1 26 11
5 12 9
14 5 10
8 11 6
17 11 1
23 5 7
31 6 20
35 30 27
32 31 14
28 25 9
5 11 31
8 17 22
26 34 35
24 15 23
6 32 21
33 5 3
8 33 29
35 18 3
15 35 1
30 12 16
15 19 29
12 27 19
6 30 14
3 11 3
14 29 21
26 18 26
3 22 25
25 7 1
22 29 8
29 10 26
2 5 35
9 30 26
1 29 14
11 9 8
32 13 7
10 11 30
9 8 4
7 28 12
33 2 7
4 4 3
31 2 5
25 19 29
32 35 24
6 12 24
27 13 35
31 35 5
6 35 5
10 21 8
31 1 11
17 21 16
35 14 18
19 35 30
14 10 23
14 32 35
6 21 30
6 4 26
31 1 15
4 30 4
12 10 2
21 22 4
5 17 35
31 8 15
5 33 24
29 32 12
16 17 1
7 28 2
14 23 28
32 10 6
13 9 24
3 12 2
14 28 27
27 12 25
29 33 6
18 34 2
32 15 20
