100 100 100
150
91 68 21
85 99 5
10 72 93
77 88 2
68 5 88
50 90 72
86 82 3
74 76 7
73 15 90
69 93 16
93 77 66
33 72 89
92 89 21
90 77 8
97 14 99
71 72 5
90 75 40
89 69 20
4 33 44
88 94 46
84 83 8
82 85 30
87 97 44
86 95 11
67 31 78
77 87 41
85 97 8
97 96 27
58 91 79
23 5 48
99 66 35
96 74 14
98 84 8
71 78 8
31 73 75
92 67 38
74 78 6
88 99 49
98 89 38
82 91 48
96 68 54
72 99 5
88 74 39
77 43 82
96 83 31
79 85 20
99 97 49
89 79 29
67 79 7
92 66 5
87 19 76
29 85 82
81 77 32
73 72 83
5 74 74
72 66 43
75 6 92
67 69 30
74 88 4
92 9 77
85 68 83
93 76 14
55 63 76
67 36 92
92 76 9
96 100 16
84 93 43
71 73 12
80 75 22
78 68 22
60 86 91
70 69 93
81 83 25
46 40 42
72 94 31
80 85 37
72 64 76
70 87 25
90 69 28
76 68 14
98 86 42
5 12 44
86 93 26
67 74 19
73 75 38
76 70 45
75 73 35
10 87 90
26 46 5
45 99 68
70 96 36
73 72 42
14 10 20
85 81 21
78 34 89
90 84 6
44 83 82
78 73 22
95 68 29
88 76 39
91 85 36
79 91 13
95 71 23
82 93 24
52 62 74
10 26 34
92 69 2
58 100 76
92 85 20
70 69 8
67 53 50
70 71 29
86 16 67
100 75 34
82 74 43
81 95 10
13 25 8
71 69 3
91 67 19
16 41 3
71 96 28
87 87 37
82 94 17
88 8 89
22 27 4
49 25 24
45 26 25
97 91 44
67 88 25
74 98 45
99 99 19
10 81 97
93 80 21
28 96 75
50 82 68
82 83 11
85 71 29
83 88 50
7 15 25
46 29 17
88 98 10
77 67 30
5 81 86
71 79 27
77 82 29
23 26 20
71 68 12
4 27 47
91 77 31
67 92 24
