100 100 100
150
67 76 42
89 69 23
76 87 22
99 73 11
82 98 10
38 14 20
30 29 43
98 94 93
74 75 21
51 84 64
67 70 30
71 68 19
81 72 30
67 100 11
95 89 50
46 25 21
92 91 12
78 83 26
44 22 48
46 6 25
90 94 86
15 82 94
76 68 68
42 81 96
89 69 11
66 67 2
94 70 50
99 78 7
68 99 47
95 78 24
98 4 89
88 73 27
20 73 74
68 84 11
8 7 27
20 5 14
89 76 49
94 92 3
76 73 38
92 98 35
22 93 80
92 96 29
30 91 88
91 87 26
39 2 36
97 34 76
90 88 24
74 83 16
88 72 43
82 79 22
84 41 82
4 73 86
81 83 10
80 83 62
83 100 26
66 59 69
85 74 41
80 89 50
71 80 38
97 78 48
91 100 16
98 72 2
55 98 96
42 66 83
67 20 83
67 79 6
94 73 40
83 51 55
73 91 67
73 85 33
72 85 46
92 68 47
99 100 34
6 34 18
90 47 66
92 77 75
82 79 27
50 5 31
85 100 2
21 74 98
98 65 99
76 94 28
83 94 40
74 83 35
72 73 48
100 87 3
83 67 9
93 75 31
69 75 45
92 66 4
96 80 13
32 45 2
90 90 41
71 91 21
33 30 44
89 77 45
85 90 3
66 80 19
42 9 11
72 28 68
92 74 13
66 6 78
80 98 14
32 70 76
86 4 94
26 11 10
82 77 24
96 89 22
91 88 48
76 94 79
27 84 86
79 69 14
91 82 31
97 94 100
77 92 28
80 72 20
79 88 35
78 17 69
98 76 36
86 16 91
71 14 75
77 91 7
45 48 25
96 68 26
40 35 33
70 68 45
70 5 84
70 91 30
91 78 41
75 76 26
97 97 13
74 86 45
93 3 71
74 86 38
78 6 97
17 18 42
90 67 32
66 77 32
85 81 16
73 90 48
81 89 70
95 94 6
72 97 17
66 90 18
70 32 88
44 25 26
37 29 10
68 67 6
99 87 48
4 93 74
