100 100 100
150
31 75 69
9 36 11
69 91 32
67 84 49
97 68 24
85 81 26
97 94 45
73 8 83
74 99 41
70 77 27
66 78 32
67 76 3
93 88 10
78 93 9
77 99 24
97 68 35
86 88 48
70 79 36
8 96 88
46 83 72
80 70 35
29 84 99
69 82 82
88 86 28
84 83 45
83 100 36
75 82 46
90 65 72
67 10 83
95 88 22
92 68 25
75 86 11
16 21 24
98 63 97
90 69 19
28 39 14
14 46 45
66 74 33
99 75 14
93 100 25
28 66 85
90 95 45
98 93 42
11 39 12
89 97 22
92 10 76
70 90 20
96 97 22
91 22 99
81 89 48
78 100 3
85 69 21
70 1 91
76 65 73
72 18 83
75 68 1
54 88 70
90 100 4
98 88 2
66 66 48
29 42 8
39 76 83
98 87 93
91 70 23
58 92 60
66 78 20
81 88 4
72 37 72
76 66 5
77 81 7
100 82 10
91 93 45
67 73 26
69 85 10
97 83 72
91 68 40
82 85 29
30 80 96
72 81 30
35 80 80
80 91 25
68 93 32
89 68 32
75 78 9
75 99 22
91 69 95
72 54 88
67 26 82
77 78 37
47 66 76
96 78 29
14 41 4
83 24 69
70 100 31
71 68 32
16 48 15
92 86 17
80 91 11
16 15 27
92 69 23
74 36 67
60 90 95
98 48 71
74 87 49
97 22 82
71 67 32
66 40 73
37 80 73
80 78 18
92 3 76
73 81 46
100 71 50
14 67 74
57 83 76
91 84 32
80 64 89
70 86 7
73 61 74
82 4 79
77 95 36
68 75 22
70 70 17
83 98 11
87 78 14
74 69 9
88 36 69
71 99 30
53 76 63
83 72 31
89 79 44
92 67 45
77 100 17
96 97 48
97 90 50
97 66 4
75 98 20
3 75 82
88 94 26
94 68 42
74 69 10
99 87 20
50 77 84
100 91 47
79 20 91
77 98 49
38 15 26
73 85 34
74 44 91
78 97 50
92 77 38
