100 100 100
150
34 83 78
69 31 80
75 37 92
1 11 43
12 97 74
5 86 88
77 93 92
60 74 53
76 79 8
82 97 39
92 78 7
87 79 18
95 88 50
67 73 7
48 97 100
21 25 14
6 27 7
97 67 5
93 73 5
88 93 61
42 39 11
100 70 1
68 74 39
66 76 44
77 73 39
90 67 32
23 91 80
90 45 78
16 98 97
100 90 49
86 81 16
76 97 5
86 66 39
91 96 47
68 87 7
98 88 39
77 57 90
66 83 18
66 9 83
70 73 1
79 91 36
84 67 38
97 88 46
71 79 1
83 77 10
88 62 97
75 27 73
69 93 14
81 89 20
69 10 78
68 79 7
87 89 37
72 86 39
46 36 12
77 25 79
100 39 90
72 86 3
26 22 29
1 29 1
88 67 37
35 48 46
46 75 75
29 28 20
22 88 98
67 83 20
70 80 25
67 72 14
52 73 90
26 18 37
47 95 81
94 69 44
73 73 25
89 87 26
95 93 31
98 82 34
18 97 80
89 92 29
14 4 38
76 94 33
98 81 27
84 72 7
87 100 19
79 79 41
88 92 55
78 89 7
71 71 20
73 73 24
75 32 87
72 1 75
90 82 71
11 22 19
92 82 95
83 94 37
55 72 93
25 68 76
83 76 25
79 90 28
8 43 49
89 68 26
88 60 79
81 94 25
71 77 46
67 14 95
67 35 78
67 94 9
93 17 99
99 18 100
66 95 10
92 70 15
45 28 43
66 97 38
49 82 75
96 67 25
86 69 1
42 30 18
10 36 41
86 91 3
45 31 22
95 95 16
69 8 95
66 78 19
77 66 48
83 34 68
99 69 17
97 2 66
85 98 1
96 11 99
40 95 72
98 44 70
26 71 82
19 33 22
82 74 57
18 78 71
85 95 6
98 98 33
67 91 30
77 66 24
92 66 3
80 70 6
73 88 2
74 77 29
27 91 93
99 100 12
100 75 4
78 66 20
60 96 91
86 19 97
83 80 32
99 83 18
3 41 3
