100 100 100
150
71 38 76
90 73 28
94 81 43
16 24 38
73 90 45
99 13 79
97 84 32
95 99 30
77 93 24
25 81 80
72 79 31
71 71 32
84 87 41
90 89 8
96 82 7
52 91 67
67 80 13
78 37 86
97 29 91
96 95 6
38 66 90
80 92 35
88 98 9
80 79 11
94 97 36
3 20 27
80 76 21
74 98 2
73 75 40
92 8 83
67 83 6
78 9 82
79 91 50
89 100 42
59 94 75
77 30 98
53 97 96
67 93 50
42 35 21
81 82 28
96 86 54
79 75 28
95 84 49
97 73 41
84 81 88
73 95 24
81 75 7
94 93 89
3 17 2
93 78 29
71 80 14
70 69 60
11 22 41
72 70 9
4 29 13
68 96 18
71 74 46
79 80 3
45 89 89
97 69 23
88 84 97
67 25 89
32 19 15
79 72 2
84 86 25
95 55 55
32 30 25
73 96 26
79 94 20
76 85 26
24 35 31
46 75 83
75 100 29
73 88 49
29 4 37
9 7 41
51 92 95
77 67 44
94 84 50
92 93 31
9 7 40
70 18 90
70 89 47
69 85 40
80 78 41
27 14 32
14 44 42
94 91 46
66 3 92
85 62 52
45 37 12
72 30 69
82 73 44
76 80 4
80 90 11
86 90 36
67 81 38
12 68 73
75 2 82
37 67 90
87 70 46
90 82 36
20 96 73
93 77 60
71 67 15
79 93 25
11 99 68
79 66 62
68 28 73
89 74 11
83 79 31
89 94 41
84 68 12
26 89 70
96 92 5
2 6 29
78 95 2
30 14 7
31 47 41
22 17 5
43 25 15
30 9 26
84 93 2
98 96 17
72 97 14
69 89 16
97 67 39
96 68 39
91 50 91
94 87 39
7 98 70
40 79 70
23 22 3
97 89 11
33 9 9
95 71 39
67 70 47
97 84 27
77 83 23
71 83 45
2 28 39
67 80 39
99 75 26
28 91 91
5 25 40
90 42 99
100 36 72
81 97 1
98 30 97
96 67 95
