100 100 100
150
92 11 85
25 18 35
42 34 48
57 82 62
66 84 5
89 83 36
46 97 75
95 75 39
79 23 91
95 31 77
98 79 8
31 29 47
86 87 29
47 69 88
77 68 21
84 18 80
87 94 22
93 100 40
67 86 18
33 83 81
70 75 16
71 90 20
72 98 32
93 69 25
87 87 32
80 94 23
71 97 10
11 67 69
99 98 7
37 25 48
96 84 47
91 15 91
86 83 20
8 41 36
95 78 34
69 74 38
99 72 8
79 49 90
9 12 50
70 90 4
84 83 45
96 82 21
71 67 1
77 23 80
70 83 39
99 94 24
44 67 92
9 72 66
83 99 35
81 67 19
77 80 86
80 93 22
98 72 46
62 68 65
37 34 39
18 87 77
69 86 36
68 25 83
78 90 48
84 70 12
97 72 50
94 29 81
72 81 65
67 90 17
20 30 31
79 95 34
5 29 35
73 81 28
74 19 70
76 99 10
93 15 67
85 90 40
85 75 53
87 96 20
19 82 67
76 86 43
80 15 73
100 99 70
85 96 38
85 71 38
87 96 81
89 80 44
95 100 4
78 100 31
83 16 66
29 84 93
11 96 83
67 84 11
48 86 75
5 18 43
87 87 52
2 100 92
70 88 2
97 100 15
72 90 50
88 91 44
4 45 49
100 85 26
83 68 21
78 84 25
21 80 66
98 86 29
86 92 47
75 67 24
76 16 87
46 88 69
36 89 95
66 100 13
92 90 10
82 57 56
76 25 93
83 70 11
71 91 48
72 98 18
69 41 83
77 67 20
71 77 48
100 64 90
99 88 15
77 90 37
96 83 10
79 80 7
84 84 49
74 74 61
95 100 18
89 91 28
37 74 91
68 87 20
36 85 90
73 79 37
84 67 27
71 74 14
80 88 29
20 94 80
44 91 81
99 87 47
81 73 19
66 91 4
75 85 37
38 37 37
72 68 48
51 59 86
86 84 43
82 94 29
6 35 11
27 75 99
78 75 50
90 66 17
84 66 5
99 100 32
