100 100 100
150
89 93 38
29 95 88
49 83 67
85 56 100
72 47 83
78 75 22
97 74 19
82 12 67
80 87 7
73 5 98
90 98 77
75 78 11
87 9 90
15 33 9
17 20 38
10 74 73
83 72 30
19 42 6
71 99 24
66 72 45
64 85 86
23 17 4
98 75 75
50 27 42
72 75 96
98 95 18
73 70 48
67 47 93
79 87 25
66 83 24
89 86 37
23 22 43
92 97 34
86 83 31
24 97 73
48 91 99
44 82 87
10 89 69
70 80 26
83 54 68
24 7 25
91 78 13
34 13 6
91 97 20
25 97 98
77 22 70
80 95 46
79 90 44
72 87 15
70 90 10
87 83 25
38 100 91
99 76 48
91 87 80
66 100 16
96 89 35
68 44 97
91 83 2
67 90 46
83 70 52
75 77 12
15 74 95
64 54 82
24 29 33
93 60 76
14 16 38
99 79 52
74 17 78
70 87 33
75 77 45
86 66 2
68 92 21
83 69 30
40 46 40
85 99 40
63 54 63
88 76 27
89 66 7
45 73 77
29 71 89
75 98 5
72 76 30
86 87 12
98 69 21
97 80 10
87 85 5
87 79 31
74 78 25
67 100 15
7 15 46
96 18 90
48 89 67
69 67 11
12 72 70
77 89 38
91 70 5
100 88 9
88 93 82
69 92 19
50 55 73
77 91 35
92 79 64
89 89 40
32 96 89
80 12 88
75 84 20
68 10 86
84 67 16
68 83 8
74 93 46
70 100 16
78 70 32
71 92 35
82 83 27
78 88 30
84 77 10
68 51 95
67 74 62
90 90 40
70 89 22
68 54 97
85 98 37
73 88 43
29 79 75
32 37 21
85 82 41
88 82 46
58 85 51
87 81 11
76 95 34
77 82 5
84 83 94
83 70 8
19 43 20
99 87 14
27 79 91
94 100 42
89 75 88
72 98 4
91 97 30
83 37 78
92 81 12
86 94 7
90 75 18
56 68 83
42 79 75
80 92 22
100 83 36
36 1 24
77 85 46
