100 100 100
150
42 66 80
84 95 50
67 66 7
72 97 23
12 16 28
68 68 11
74 87 12
53 89 80
30 67 74
73 93 35
69 80 7
95 69 26
98 51 68
79 88 9
96 86 2
67 69 34
20 21 39
66 98 23
76 76 29
68 95 15
75 71 19
77 75 39
88 75 25
73 97 8
12 46 23
70 74 14
76 91 37
87 76 30
70 75 44
94 10 94
61 85 96
71 73 39
74 77 49
99 58 76
87 92 11
75 72 39
100 81 33
80 98 2
72 67 5
93 72 5
37 87 81
85 35 94
68 81 8
36 14 9
69 77 18
60 90 79
85 17 76
87 74 36
97 74 48
91 60 55
2 2 31
73 85 9
49 93 71
10 28 46
94 80 44
98 80 44
1 31 19
80 78 27
25 11 43
80 73 35
96 88 50
24 73 87
41 38 44
90 92 48
75 97 40
28 98 98
91 26 81
91 86 66
77 77 15
45 18 29
80 76 38
47 72 98
70 83 32
91 99 9
89 67 70
34 98 99
83 95 27
83 95 12
94 86 45
72 84 1
79 79 39
91 83 17
76 98 19
75 95 94
100 70 45
84 45 68
69 1 92
94 94 38
74 68 48
90 96 46
1 89 67
95 79 15
69 47 67
74 71 52
1 89 97
81 83 15
87 40 100
22 85 68
77 80 18
73 94 42
96 89 5
90 95 10
93 73 32
79 93 71
73 81 35
97 79 17
78 70 33
66 82 16
80 75 5
47 80 70
33 26 8
72 81 2
93 92 21
93 92 35
86 74 16
34 16 1
79 98 43
91 100 10
68 93 12
97 42 71
1 45 3
69 82 18
73 36 88
6 15 21
70 50 73
70 84 5
78 89 50
71 79 35
67 78 20
8 87 87
71 98 32
79 88 47
85 86 34
85 93 24
77 84 41
84 95 14
48 8 14
17 81 85
93 100 18
90 81 22
93 82 17
93 69 47
85 68 22
6 20 4
92 2 87
94 94 7
89 63 95
74 24 99
92 14 82
68 69 11
