100 100 100
150
84 26 90
65 87 53
95 74 50
22 70 100
71 76 39
69 72 47
97 99 6
81 98 12
71 81 40
86 77 46
46 81 66
70 75 64
3 48 1
67 69 10
70 59 93
93 77 12
99 99 45
82 85 41
68 88 77
71 84 36
71 81 46
51 87 54
85 99 47
87 28 88
79 90 18
31 12 11
31 99 95
18 81 96
47 87 82
80 66 68
46 11 18
73 85 34
92 4 90
71 66 22
66 88 50
89 77 13
88 79 22
93 73 36
73 88 33
69 81 32
79 66 36
68 93 46
78 2 66
97 98 47
97 91 7
93 69 28
91 80 35
94 29 79
86 97 30
70 67 41
43 98 86
76 69 26
45 97 90
24 27 43
86 94 21
34 47 2
50 19 10
68 86 1
69 91 41
6 75 88
75 63 64
80 43 66
44 29 37
79 14 77
92 100 47
93 76 47
18 94 69
98 81 42
73 80 48
74 36 79
20 7 25
80 74 34
91 73 33
69 71 29
99 87 43
25 3 47
79 46 66
66 88 18
99 98 47
89 84 5
96 84 22
74 91 3
67 73 25
80 76 4
67 94 29
82 86 30
85 67 20
66 88 2
68 70 30
67 98 49
90 94 28
71 68 27
68 96 26
100 99 48
74 76 15
84 47 94
75 38 85
84 68 42
98 92 16
77 75 26
42 100 89
74 77 50
73 70 27
87 83 50
2 89 91
83 75 15
5 96 69
84 84 19
91 68 3
36 4 31
80 98 1
67 93 23
81 93 8
68 77 44
35 9 3
28 36 41
94 67 40
79 100 45
94 83 37
78 86 39
88 67 49
42 17 46
74 83 34
85 40 93
92 95 28
89 75 18
79 85 5
47 99 80
83 97 26
93 68 31
87 78 8
66 72 12
88 68 11
74 87 29
77 68 17
59 58 99
98 72 37
92 87 31
90 66 35
31 76 80
69 71 25
70 70 33
73 78 38
84 71 43
92 73 22
69 98 13
80 78 63
14 81 66
91 69 11
93 89 25
