100 100 100
150
70 49 87
45 82 97
22 68 78
86 30 69
64 89 71
86 76 94
74 77 49
69 74 21
73 31 80
60 92 60
87 69 6
99 76 5
80 73 39
79 84 10
92 69 35
85 72 43
96 78 4
97 96 8
85 89 42
73 72 4
68 67 24
83 83 10
69 87 20
88 30 74
72 35 94
95 89 5
99 75 52
80 85 31
76 75 31
68 100 50
70 67 9
74 96 30
97 94 30
20 92 66
79 71 38
81 93 40
89 78 10
57 100 97
25 22 12
81 89 8
89 98 81
97 100 37
77 20 88
77 93 38
91 83 47
84 91 28
46 95 95
67 88 23
76 84 11
43 41 31
93 100 42
13 39 44
57 61 60
77 90 98
91 86 49
91 73 11
86 86 50
92 33 86
92 81 54
88 76 10
69 43 72
72 47 93
63 99 54
90 82 27
30 42 1
97 38 72
39 78 79
98 66 44
68 70 30
74 95 48
79 39 79
74 89 16
78 87 33
83 67 48
29 15 43
72 87 47
86 23 71
95 82 25
80 88 50
82 97 12
100 88 4
3 98 82
92 84 34
66 79 45
70 84 14
37 86 78
67 84 39
74 81 17
18 18 13
80 99 1
70 98 20
71 81 40
8 26 34
16 72 74
78 76 6
86 75 34
12 87 83
67 91 62
71 80 15
23 12 11
74 75 44
82 81 43
77 66 19
80 76 24
82 6 93
70 70 12
28 86 73
66 87 21
80 95 50
92 99 50
73 79 43
84 69 43
71 61 54
79 86 2
68 15 66
96 97 30
87 72 38
78 34 84
72 86 11
70 72 23
86 42 79
94 96 27
44 86 69
97 76 24
68 98 30
74 77 32
69 92 9
97 83 48
98 94 35
95 95 27
81 42 72
87 67 28
90 84 37
97 92 33
78 100 46
69 68 33
77 98 9
70 60 62
88 80 49
75 72 7
4 1 36
83 70 20
72 87 3
93 86 31
10 76 88
66 66 20
20 12 38
93 85 39
77 67 29
66 91 97
