100 100 100
200
33 26 22
42 44 52
69 92 74
97 7 25
3 77 69
15 51 2
88 94 25
31 85 83
18 19 54
70 34 63
82 60 35
86 42 94
3 34 100
41 7 33
37 51 70
52 40 68
70 73 6
70 48 28
45 71 11
10 25 96
79 53 49
36 69 64
51 91 54
67 59 37
34 77 38
47 62 2
56 83 65
40 87 5
44 81 43
27 25 86
32 91 15
8 35 4
5 84 98
85 36 99
18 22 19
87 94 13
58 8 33
54 87 38
44 40 82
60 28 11
30 28 28
58 5 53
68 1 77
22 2 65
70 49 16
1 74 60
71 57 47
93 79 91
80 89 9
53 1 10
22 38 76
62 13 37
6 100 44
67 55 7
63 22 36
5 35 34
39 45 95
44 65 30
42 91 68
72 69 98
14 58 62
25 30 97
45 16 82
76 35 74
11 69 22
52 94 28
62 84 3
40 18 29
44 18 6
37 59 11
72 39 61
2 36 76
84 66 75
96 60 65
85 74 51
29 35 23
31 90 4
57 29 39
3 13 35
74 26 83
81 5 58
86 45 66
88 43 55
15 96 40
57 44 1
58 80 71
81 76 39
66 39 43
8 28 22
30 74 57
36 15 51
76 36 77
75 19 62
53 13 26
82 12 69
65 21 91
15 64 100
78 28 49
17 75 50
20 12 62
39 60 90
98 55 95
98 11 75
76 38 44
52 61 29
13 3 55
83 13 19
10 20 21
100 34 11
49 11 52
84 33 28
83 53 100
83 26 87
9 76 26
19 98 78
54 31 46
72 19 16
60 92 91
39 66 44
18 97 40
25 91 58
25 42 17
66 1 14
69 39 13
12 97 99
76 53 31
83 87 64
68 44 47
98 53 2
88 7 60
99 89 85
80 39 84
44 18 71
80 92 56
30 69 36
40 56 18
4 50 42
40 42 35
51 83 33
82 15 19
6 73 57
45 20 53
78 49 11
43 41 42
30 39 61
45 67 15
32 87 23
97 22 26
15 35 5
52 77 4
21 79 61
72 11 57
1 44 60
96 67 8
4 15 38
50 88 75
83 23 1
20 3 98
67 72 74
53 10 42
39 53 61
73 63 90
61 88 72
59 40 38
7 28 63
31 78 29
26 13 56
52 48 93
54 68 23
38 29 60
54 81 46
95 22 100
25 70 86
84 57 29
59 30 4
83 48 97
5 48 71
78 88 21
73 26 6
43 21 37
33 97 81
4 69 68
52 60 3
61 52 91
64 6 84
56 62 91
58 38 14
99 100 83
17 91 64
91 94 54
86 88 69
52 26 16
38 99 12
54 72 46
13 87 98
25 11 61
48 21 80
82 48 50
8 6 3
65 69 99
