100 100 100
200
16 42 20
63 2 96
59 60 28
18 42 69
85 6 24
72 77 51
6 91 16
23 35 63
28 95 56
10 89 87
17 32 69
22 24 42
29 59 18
94 1 54
80 23 80
20 11 48
45 57 4
79 14 88
8 72 42
18 95 89
18 21 92
52 4 56
37 11 64
16 73 93
12 17 77
51 80 15
83 12 79
60 54 98
70 2 78
39 83 75
23 39 34
41 46 97
15 93 48
46 95 15
48 35 69
91 72 5
85 80 92
34 49 11
15 52 68
44 86 87
53 12 51
22 92 98
79 14 8
59 76 1
17 53 7
6 8 37
50 54 86
41 42 67
70 17 27
46 92 51
5 42 75
10 59 89
17 72 11
4 62 63
94 90 87
70 14 58
42 37 22
73 16 94
48 95 14
80 3 3
57 18 41
86 33 98
44 89 96
76 69 11
97 97 25
88 80 65
60 49 13
57 40 30
46 43 72
46 85 71
38 67 31
42 67 41
71 66 21
93 11 10
59 2 9
14 21 92
89 66 19
77 91 79
85 97 1
34 73 19
100 66 25
83 100 26
79 83 5
92 55 29
76 97 16
42 87 16
35 25 50
95 53 35
59 16 60
27 89 38
90 52 97
37 99 66
78 39 84
66 39 66
9 85 23
66 23 76
65 12 82
39 6 9
59 51 5
33 50 27
93 33 57
59 34 36
40 60 6
29 96 100
94 94 35
37 46 40
29 17 21
75 91 14
94 50 78
81 57 37
78 97 63
35 84 16
6 38 45
17 3 95
18 6 97
74 50 18
19 7 39
36 10 87
65 6 10
90 64 61
15 55 45
50 88 81
64 9 89
85 69 34
98 53 97
76 68 76
29 87 94
37 19 36
36 74 84
32 17 88
86 34 76
17 50 68
67 47 73
84 19 20
29 46 19
72 51 86
27 82 89
81 36 95
58 60 31
18 45 27
76 89 44
69 7 61
1 21 90
88 67 59
36 43 24
73 53 8
58 43 10
30 57 7
93 16 100
85 48 89
52 60 99
68 5 34
71 21 63
29 97 100
34 75 73
54 74 52
89 28 4
81 41 75
61 89 41
18 37 47
13 73 19
85 5 42
15 8 86
64 79 46
86 8 50
43 100 97
32 42 99
76 3 14
1 36 2
27 59 1
9 17 8
32 24 68
27 19 61
13 39 17
97 74 23
72 75 90
71 73 94
71 74 2
40 67 29
91 15 81
68 2 83
85 4 68
23 13 85
42 78 23
47 14 10
97 45 23
64 71 29
76 42 67
35 19 11
67 60 31
17 24 51
32 77 57
13 7 95
38 2 67
12 43 12
38 50 57
91 22 75
91 94 63
58 23 66
17 40 79
