100 100 100
200
4 78 44
55 50 56
11 48 28
6 6 29
61 42 80
60 65 3
58 55 76
35 67 19
92 15 76
14 57 27
9 68 49
62 56 10
33 75 74
2 45 18
96 75 44
76 47 32
61 49 100
59 10 44
36 20 26
98 15 13
78 49 72
64 64 80
49 47 4
28 61 53
8 81 69
3 24 15
15 4 71
36 22 34
2 66 30
11 91 51
83 63 34
57 86 21
83 1 92
30 55 55
16 19 41
47 64 1
29 44 68
30 53 75
3 56 76
64 46 35
49 76 75
98 88 30
75 98 92
55 16 81
65 77 43
46 72 69
90 46 46
97 26 67
78 9 27
42 88 31
37 22 99
78 91 65
57 48 63
44 62 19
22 2 47
78 78 26
30 45 66
49 88 14
88 79 6
100 83 87
97 98 17
78 25 98
68 85 88
48 93 67
37 33 45
32 8 77
100 25 49
81 64 86
22 59 28
54 1 55
6 91 39
66 83 73
55 50 29
25 55 86
75 82 13
78 21 64
97 98 55
81 63 31
73 61 53
18 93 19
12 62 65
75 96 22
43 59 5
20 35 33
32 61 20
22 99 100
7 81 86
31 45 47
47 48 20
91 37 26
82 20 89
29 87 10
2 43 32
38 59 74
13 49 91
98 55 24
77 80 10
31 18 77
87 43 57
61 94 63
33 1 65
99 74 16
24 12 90
61 16 100
94 26 51
65 86 4
5 69 97
95 7 54
66 2 62
85 61 73
94 89 43
71 64 40
26 38 21
93 51 27
82 10 13
50 34 14
83 63 75
24 10 95
41 98 34
70 44 93
23 75 73
66 80 13
60 13 1
93 53 22
6 97 81
88 88 24
77 75 94
69 3 56
96 6 100
48 13 12
42 78 84
41 58 32
91 67 89
64 95 12
29 38 51
44 11 58
23 58 9
33 24 47
30 60 83
86 13 75
24 69 80
41 79 25
9 45 98
76 43 95
36 7 24
93 21 4
6 3 54
46 49 19
33 100 72
73 96 49
92 68 11
32 61 66
59 53 15
33 37 52
74 55 65
10 2 24
73 8 84
5 85 19
89 45 37
54 69 27
57 5 83
17 45 18
51 68 58
60 79 34
82 4 90
31 36 81
36 66 23
76 11 6
49 52 66
43 27 81
89 13 24
16 28 8
47 3 29
81 55 65
17 6 51
60 67 14
67 1 18
55 30 18
52 31 65
55 87 13
60 70 43
13 12 56
59 33 89
26 50 15
35 18 82
21 5 39
48 31 81
80 54 91
63 83 63
27 72 19
1 52 83
60 77 5
9 99 71
74 82 59
52 91 88
94 26 81
87 66 47
99 14 7
18 75 22
65 44 63
