100 100 100
200
22 79 67
19 57 61
6 57 35
62 4 34
20 6 42
56 28 51
77 15 74
40 2 56
15 64 99
7 31 40
35 77 64
39 71 27
64 67 49
14 84 54
6 100 67
1 5 97
3 26 95
99 73 13
26 20 40
39 58 77
28 46 42
45 6 45
48 56 55
88 12 22
35 86 51
60 39 27
73 72 30
33 56 10
61 2 16
96 10 67
81 36 52
5 36 85
62 69 87
26 21 64
63 63 64
60 83 90
47 29 2
55 72 59
61 25 19
17 13 60
67 25 73
39 18 6
81 94 6
87 79 46
7 6 69
90 19 77
60 34 44
2 20 92
77 30 46
30 26 3
51 55 69
95 18 42
7 45 81
20 68 32
80 31 9
2 68 19
68 94 84
1 10 99
83 20 45
29 50 27
79 39 19
78 19 98
38 53 47
21 4 11
64 98 67
65 23 25
39 65 44
21 11 90
1 51 3
22 44 52
93 96 70
83 81 17
25 83 84
1 49 58
18 91 24
26 60 4
16 7 57
6 98 76
44 10 72
15 59 8
90 18 23
63 46 79
97 24 4
72 25 77
6 77 38
87 65 76
86 37 80
95 52 52
37 69 19
51 99 46
77 24 28
29 89 42
80 68 51
22 58 23
43 85 14
82 38 4
88 97 69
31 61 6
10 64 63
1 77 15
28 93 39
51 44 88
3 60 4
45 95 5
89 90 74
18 68 52
76 26 24
79 41 86
33 71 64
22 60 93
5 46 57
12 22 81
16 51 56
78 77 79
92 23 99
47 36 83
93 56 33
37 29 52
44 31 25
23 90 45
22 60 87
58 19 58
55 26 35
66 68 78
49 98 16
49 22 68
72 64 77
21 61 16
95 58 47
9 72 17
36 66 34
49 24 81
37 63 56
49 97 21
79 58 65
97 17 99
41 19 75
77 7 60
8 84 34
91 60 32
43 66 50
90 89 50
39 42 84
8 46 47
43 24 86
90 76 92
33 72 36
94 75 11
4 64 38
93 14 41
10 4 10
93 60 74
18 61 21
69 8 45
93 96 91
23 69 20
12 40 18
89 16 87
60 69 99
6 27 11
28 58 58
14 28 47
90 49 93
60 65 79
8 29 16
84 95 82
99 70 89
1 21 70
43 89 8
95 74 53
23 46 55
36 35 65
70 87 19
29 54 54
28 83 97
36 37 78
30 53 16
31 73 66
82 35 23
16 2 42
86 42 54
73 54 45
17 5 28
90 97 92
5 31 29
37 47 88
39 23 99
60 9 52
10 76 13
64 3 83
15 69 98
69 27 93
27 100 29
95 41 23
90 48 79
62 92 54
73 10 13
67 81 15
29 43 88
66 18 28
