100 100 100
200
93 31 37
32 63 65
48 65 41
71 3 90
30 71 53
1 42 52
95 76 73
44 84 92
37 60 21
51 54 4
62 85 30
15 85 43
94 8 71
75 22 91
17 24 89
73 64 61
46 2 89
40 35 81
65 21 55
79 48 94
27 42 65
73 49 61
46 64 57
49 14 38
9 90 34
64 1 40
32 93 36
29 43 87
19 87 55
80 28 32
80 56 71
54 39 2
40 38 81
23 40 20
61 60 86
20 53 78
18 65 37
31 90 96
68 93 61
21 31 36
38 73 20
79 1 35
88 39 21
68 93 10
2 34 96
87 17 86
31 23 95
58 67 16
27 98 16
67 65 24
66 39 92
11 44 70
10 41 100
97 75 92
91 11 20
27 11 59
7 42 55
54 33 83
77 8 83
57 64 16
62 79 22
79 14 99
61 74 53
93 62 4
90 62 90
97 89 74
29 6 90
62 57 47
27 44 77
39 34 48
27 48 100
47 80 14
96 15 90
30 44 79
8 99 86
75 46 45
34 15 8
30 32 68
14 58 90
59 26 44
21 75 30
52 97 87
52 40 54
25 16 70
29 94 57
3 84 53
64 42 27
60 10 56
76 41 17
12 62 67
71 29 66
30 40 23
59 92 69
7 4 23
26 70 36
15 72 37
98 13 27
32 3 34
80 32 18
42 7 16
22 34 14
52 15 9
29 61 19
78 73 61
83 55 48
70 51 1
98 82 2
16 28 19
47 39 67
10 10 14
15 54 24
100 81 21
7 63 90
62 52 32
3 35 34
43 87 3
4 48 40
1 47 56
46 11 15
75 37 98
20 96 54
99 57 54
49 86 22
90 82 87
91 98 98
9 9 13
66 52 7
74 20 77
93 11 45
69 78 69
79 55 33
10 43 29
36 12 22
81 52 77
30 27 80
1 72 39
12 27 42
70 89 72
87 9 32
43 58 88
13 62 21
86 100 22
18 38 71
41 100 48
49 40 49
38 78 29
7 88 19
43 2 4
74 29 5
14 85 34
81 41 8
5 10 83
24 70 28
58 78 89
63 84 66
83 83 69
2 25 1
74 98 8
82 94 14
7 86 44
46 10 80
10 10 75
28 77 27
61 4 23
83 5 43
84 53 34
61 23 4
77 84 83
86 73 99
100 72 74
6 26 33
57 89 73
92 20 62
78 100 42
38 11 44
13 56 95
44 6 63
8 15 15
13 40 82
76 68 18
13 15 64
82 97 33
76 78 14
55 43 68
76 91 27
2 90 36
77 16 18
41 15 60
56 16 64
100 33 96
30 33 12
29 26 30
98 100 40
15 99 36
29 4 69
79 7 26
12 55 80
36 47 72
91 12 7
66 93 92
