100 100 100
200
63 84 60
96 70 22
43 22 48
79 1 95
89 35 15
97 57 100
14 36 71
49 19 29
12 9 44
44 76 69
36 42 45
92 100 60
25 100 46
87 61 75
27 49 64
98 70 26
36 27 32
28 50 50
55 21 69
68 39 10
25 39 35
54 91 78
45 73 8
61 65 7
36 95 16
21 64 52
90 61 43
78 77 63
78 23 41
65 95 48
78 29 89
50 89 18
71 54 76
67 6 77
60 56 57
33 24 15
36 2 71
56 9 32
26 62 4
74 98 61
56 22 66
20 83 11
94 35 35
100 8 75
96 63 22
31 16 94
49 11 93
63 61 41
26 19 35
55 51 44
80 24 14
28 23 99
60 38 18
73 81 5
49 92 30
99 53 52
45 43 25
6 55 20
72 49 22
38 79 56
44 68 24
31 8 47
83 42 60
14 73 96
17 27 12
78 4 22
68 46 37
2 4 3
6 84 52
7 77 93
62 1 31
64 78 10
66 100 45
6 38 51
51 8 49
23 85 37
1 24 10
55 19 13
85 7 9
56 92 33
51 31 88
40 47 44
6 5 5
77 6 62
3 62 75
68 50 81
43 98 21
24 17 61
14 62 16
72 24 87
66 81 5
30 42 55
37 17 40
91 3 72
56 6 59
47 55 17
61 30 38
84 46 15
3 53 24
82 90 68
69 26 36
4 33 29
56 61 33
62 52 18
26 19 71
23 33 97
21 87 81
100 62 51
14 8 69
47 9 34
26 11 38
89 39 14
49 76 25
47 26 84
13 48 20
40 89 72
14 93 98
66 66 61
1 44 6
28 83 50
19 81 68
91 96 51
44 99 8
15 97 95
34 99 33
22 43 5
9 93 38
26 78 85
92 63 44
30 85 22
21 43 31
18 9 78
82 60 89
66 54 34
28 47 94
54 26 32
30 36 56
14 72 85
65 85 83
48 57 45
32 59 91
83 58 95
48 35 57
73 3 100
56 9 11
35 33 17
82 57 1
39 76 44
93 93 19
34 3 26
51 77 7
66 9 91
83 78 82
94 49 82
34 25 92
96 98 65
41 9 35
58 81 76
53 18 76
59 44 28
17 63 3
7 93 52
19 58 62
61 90 20
57 30 69
85 60 87
72 75 70
2 94 95
80 10 41
4 71 46
40 59 12
77 96 30
15 52 52
74 99 79
97 88 90
89 26 11
7 10 9
36 58 11
91 44 88
37 35 95
87 87 27
90 39 74
82 50 1
19 42 93
46 4 74
18 32 33
68 8 36
21 70 21
3 9 62
37 12 60
44 98 79
38 76 18
16 53 98
36 58 100
67 61 60
47 73 99
50 99 94
52 14 28
2 80 25
67 67 57
