100 100 100
200
34 84 82
9 76 26
85 30 54
36 48 99
99 48 78
42 71 1
32 97 70
53 1 17
34 5 66
36 99 81
63 50 59
68 66 76
55 93 20
48 99 12
38 73 86
22 29 90
79 3 26
69 12 66
46 22 84
8 81 75
24 35 58
34 34 42
43 29 10
22 67 23
10 99 99
77 26 65
49 82 1
74 64 92
36 60 28
1 13 13
77 1 60
99 92 83
49 23 70
64 25 85
6 1 79
45 42 3
7 86 54
32 27 17
85 30 46
78 16 85
75 70 13
60 14 40
1 80 50
81 70 91
91 39 49
76 14 3
20 100 92
19 8 17
24 39 53
44 90 17
95 56 37
44 49 27
63 34 37
98 88 17
8 20 93
24 96 92
36 91 44
11 78 4
18 37 60
66 93 45
27 8 79
32 55 48
6 63 18
86 31 89
91 91 35
10 70 71
6 87 31
43 2 8
84 77 26
76 19 89
48 5 61
80 25 7
89 32 99
83 33 72
41 16 11
72 71 78
19 32 13
79 53 5
55 3 27
52 7 69
30 88 95
29 98 100
61 21 55
30 45 7
78 79 94
32 17 58
21 3 68
89 23 65
53 82 14
85 39 8
60 86 43
83 93 88
16 41 58
76 49 20
87 43 33
32 89 50
71 46 96
85 88 43
73 73 31
23 72 21
63 67 11
5 4 2
82 10 48
95 30 74
20 84 93
75 16 46
91 43 59
85 49 84
80 76 20
83 59 55
36 67 53
29 98 54
40 88 7
31 53 37
24 8 55
36 92 40
25 85 57
30 84 17
3 76 96
80 30 3
69 65 35
84 34 47
38 11 95
39 11 52
76 99 15
82 78 50
3 81 20
79 85 46
42 16 42
90 91 26
64 32 30
79 28 26
29 57 55
50 57 42
79 16 9
58 81 72
49 44 23
7 6 97
44 10 33
52 3 1
50 55 62
31 69 19
79 83 44
58 5 1
62 25 74
83 87 6
8 73 32
88 3 37
63 58 86
55 22 19
22 14 5
26 59 100
41 87 89
31 67 26
4 65 19
8 64 14
31 94 70
43 63 97
75 43 39
12 3 13
35 63 77
51 75 80
57 38 96
62 29 64
84 6 44
37 18 39
34 80 37
26 57 60
75 94 84
9 17 67
75 91 42
98 2 38
37 37 95
23 97 67
7 64 37
66 45 76
69 63 56
13 52 60
22 49 47
97 1 23
14 60 37
99 82 62
41 23 87
84 88 69
65 16 72
83 75 81
6 1 55
2 24 29
49 1 13
73 42 25
59 62 93
46 27 55
35 53 9
56 16 13
6 17 50
16 88 19
89 44 61
21 28 85
64 49 44
67 42 21
