100 100 100
200
4 37 53
73 83 31
80 39 61
44 46 4
58 12 88
86 34 1
51 57 68
10 36 54
57 2 89
81 21 46
89 59 74
45 81 93
86 33 95
8 38 48
48 50 61
47 87 55
69 80 21
9 75 35
36 22 98
49 72 91
22 32 28
63 76 59
42 38 61
82 18 92
37 4 29
34 41 77
7 2 8
71 98 68
95 44 66
86 80 29
27 22 78
47 42 99
28 39 65
8 91 42
5 97 2
6 13 92
25 23 88
57 46 53
91 47 89
83 83 62
45 67 11
1 96 16
59 76 64
13 85 56
33 68 75
20 13 11
90 88 90
24 54 42
23 8 72
32 28 37
9 41 59
61 28 4
13 83 55
74 94 78
66 1 3
48 86 85
74 40 14
63 100 89
13 26 99
95 60 85
9 49 81
32 49 48
28 31 25
59 42 81
18 4 57
43 85 19
45 27 78
83 49 64
11 69 1
92 10 34
83 58 40
45 23 3
59 17 6
11 27 44
84 25 22
20 10 18
86 41 63
4 88 50
26 52 46
97 73 58
60 96 53
17 48 57
15 86 54
34 35 99
52 95 12
97 35 34
100 7 62
53 82 70
43 3 13
45 1 28
7 90 82
83 43 20
94 66 77
12 48 69
17 27 56
64 72 30
82 63 55
85 31 72
96 42 37
63 55 21
58 59 85
5 74 22
9 10 62
79 61 31
15 48 16
28 98 94
14 100 38
69 83 16
47 45 22
72 58 75
47 76 67
18 56 95
82 1 42
16 27 37
34 21 41
33 94 61
35 78 15
95 3 22
6 9 39
33 76 3
68 50 49
24 73 92
81 24 81
64 26 60
71 100 98
43 12 94
98 70 51
79 43 6
41 16 89
51 98 79
6 68 28
87 46 23
75 5 74
83 59 99
29 36 23
11 35 13
19 5 89
99 89 10
22 34 32
57 2 58
69 52 32
28 27 92
9 80 30
90 8 53
69 42 36
80 42 94
83 42 14
36 29 29
34 22 52
23 40 11
40 50 4
87 58 8
48 95 95
19 38 71
75 6 45
69 79 10
70 26 52
27 46 65
46 15 1
12 61 45
6 16 100
48 58 9
48 19 31
62 67 61
58 31 70
38 77 92
97 32 51
51 67 72
69 31 74
13 16 87
57 72 21
70 57 95
60 69 85
19 96 4
18 93 83
42 15 92
32 15 2
89 95 8
100 53 5
58 68 100
40 32 48
7 24 51
99 95 74
48 87 46
35 29 19
99 17 30
97 93 73
34 79 90
96 94 63
10 21 89
73 79 8
55 77 43
5 54 67
77 27 77
96 74 41
84 54 92
27 88 27
37 95 93
75 17 62
68 16 86
