100 100 100
200
75 89 75
86 89 35
22 95 67
1 45 60
16 77 51
83 48 50
69 70 19
14 18 90
31 50 11
73 44 10
16 67 88
21 95 9
16 26 69
21 76 33
59 74 83
71 94 19
12 56 15
50 37 3
27 23 13
37 14 56
21 28 99
43 19 23
40 46 11
95 20 8
11 8 12
90 3 90
66 71 14
67 85 45
53 81 53
70 98 94
26 94 97
96 93 16
6 8 59
5 10 50
3 42 24
18 83 80
96 59 23
33 64 90
50 15 31
35 1 86
64 15 58
41 27 93
66 73 79
46 99 20
28 96 2
65 11 20
9 77 89
80 49 66
21 28 90
69 67 58
24 73 82
77 54 32
16 79 74
51 1 90
77 81 14
73 29 25
13 40 33
16 23 25
7 66 37
23 74 74
92 89 84
85 44 49
51 100 31
31 100 26
44 68 80
23 99 68
83 68 72
76 95 69
89 10 75
61 52 30
17 10 70
61 22 48
30 49 60
88 22 17
26 33 84
17 96 59
4 49 66
28 22 42
44 100 64
93 40 94
91 53 60
6 99 13
70 2 4
87 26 92
27 64 31
13 2 63
78 64 9
66 88 26
82 75 63
6 64 97
1 95 20
84 46 53
21 90 47
97 94 69
48 64 78
49 6 63
44 79 65
86 73 100
66 62 92
4 37 74
52 100 60
58 93 43
35 59 77
12 39 87
57 65 38
80 81 43
84 56 16
6 70 49
61 13 25
8 8 96
57 32 34
6 67 35
73 13 76
48 54 90
45 33 76
81 45 29
98 22 22
7 21 78
8 41 29
85 71 56
66 86 64
17 11 88
75 36 68
36 40 69
13 52 32
55 47 87
92 58 33
32 2 15
39 69 87
11 4 31
49 57 27
48 13 71
22 2 40
67 14 7
28 57 90
15 42 5
38 13 56
44 71 22
1 11 82
61 100 14
39 48 3
24 38 64
40 76 17
23 62 6
23 10 99
28 44 31
57 58 97
85 56 22
52 87 19
44 11 4
11 87 2
47 8 17
6 4 50
56 8 63
45 46 20
81 93 7
60 11 87
12 76 86
68 40 64
65 20 30
24 68 22
44 40 85
86 47 65
63 54 5
85 7 97
90 83 44
59 37 18
27 30 37
12 15 17
18 14 60
92 4 51
91 63 3
82 2 28
68 42 92
28 69 30
19 86 9
46 68 49
18 37 5
31 58 12
70 34 76
67 57 10
16 67 39
6 68 12
13 33 70
6 89 17
16 60 26
35 86 92
15 33 98
42 34 62
46 51 2
88 43 22
15 28 32
24 54 26
97 85 90
35 30 31
1 69 64
14 33 94
6 61 50
85 86 29
68 91 50
