100 100 100
200
45 42 98
50 96 40
17 4 74
9 43 65
27 41 61
27 63 50
88 30 17
19 1 27
54 47 34
18 66 23
42 76 3
46 10 26
99 66 44
81 15 69
69 99 6
96 52 84
54 81 10
38 52 72
17 23 27
78 5 72
19 25 21
72 61 40
39 55 14
55 71 25
38 13 94
95 66 2
24 91 21
64 19 21
12 17 91
55 65 58
24 67 15
92 95 80
85 24 54
1 76 7
50 38 47
31 2 69
14 44 57
58 31 74
8 84 74
40 68 11
82 64 4
82 9 21
72 17 93
26 62 37
22 25 80
9 10 28
79 65 87
85 95 43
72 49 9
57 53 78
38 58 52
94 81 61
66 76 92
27 55 3
35 62 76
45 71 18
3 89 3
20 93 10
2 55 76
52 89 62
74 78 38
85 38 49
73 20 90
4 11 18
71 33 2
56 66 16
22 8 19
16 42 25
68 2 98
77 95 27
4 15 1
26 68 44
100 82 15
16 16 37
17 42 47
65 35 51
71 58 16
53 57 87
15 49 83
90 6 83
69 9 18
94 49 70
24 19 55
39 64 36
1 80 97
78 20 39
57 68 55
30 95 31
20 96 62
66 26 17
96 47 59
36 96 33
99 15 66
81 41 18
78 100 1
81 89 43
55 96 24
38 16 81
89 31 98
92 68 74
99 92 34
58 63 15
62 59 91
96 18 44
52 29 13
33 63 91
7 61 43
90 4 81
28 82 27
45 59 16
68 89 48
47 25 76
15 26 11
33 28 42
7 46 62
78 47 98
8 15 80
72 92 83
11 74 20
38 17 8
65 71 30
9 50 85
70 49 2
61 55 25
56 53 15
16 81 31
35 47 64
84 60 75
38 21 86
72 11 36
43 45 77
56 31 20
20 50 7
52 16 64
78 25 4
20 96 46
8 22 22
36 54 35
79 35 33
66 47 71
58 45 73
73 48 89
70 73 3
55 65 6
30 27 61
25 99 19
32 27 79
81 30 14
23 51 33
64 29 96
81 23 1
8 7 25
65 12 56
92 79 8
64 35 46
42 60 55
99 95 21
96 59 54
91 64 78
17 78 62
95 21 45
89 23 14
77 28 52
63 92 2
59 84 23
91 42 45
70 89 84
52 40 49
6 52 59
22 13 80
26 85 30
11 70 60
5 86 18
16 41 81
87 46 76
95 4 73
9 20 95
94 80 53
9 62 70
31 1 5
41 29 21
76 61 80
64 40 99
77 80 47
76 2 64
80 2 75
26 78 10
95 88 59
89 27 12
31 82 66
2 8 37
24 78 68
42 55 36
18 44 54
73 87 22
69 83 37
52 77 60
74 28 6
48 54 47
17 65 15
