100 100 100
150
91 64 52
100 66 100
10 72 93
74 85 66
68 5 88
50 90 72
95 91 74
64 79 52
73 15 90
62 75 85
93 77 66
33 72 89
92 89 21
77 67 53
97 14 99
56 70 97
54 56 69
72 54 58
4 33 44
51 79 85
76 73 79
82 85 30
61 64 78
80 73 67
67 31 78
77 87 41
71 76 55
97 96 27
58 91 79
23 5 48
89 69 54
86 68 66
51 79 81
73 99 75
31 73 75
99 51 84
73 78 80
90 53 87
69 53 51
62 59 68
96 68 54
72 99 5
78 66 87
77 43 82
65 77 91
89 61 80
99 97 49
89 79 29
60 64 92
92 66 5
87 19 76
29 85 82
72 68 73
73 72 83
5 74 74
72 66 43
75 6 92
62 86 87
56 62 73
92 9 77
85 68 83
93 98 52
55 63 76
67 36 92
74 75 68
84 56 87
77 75 91
58 79 64
84 64 58
72 77 56
60 86 91
70 69 93
90 60 92
46 40 42
93 92 97
77 95 67
72 64 76
76 100 78
90 69 28
70 83 76
69 50 87
5 12 44
71 81 82
67 74 19
78 52 57
59 77 98
99 66 63
10 87 90
26 46 5
45 99 68
65 98 81
86 56 89
14 10 20
71 98 62
78 34 89
90 84 6
44 83 82
73 87 63
82 93 80
71 89 83
81 62 55
84 73 59
95 71 23
83 60 99
52 62 74
10 26 34
92 69 2
58 100 76
92 85 20
62 73 88
67 53 50
80 90 80
86 16 67
78 92 98
99 87 72
78 70 64
13 25 8
55 76 51
89 82 59
16 41 3
59 78 65
54 51 67
82 94 17
88 8 89
22 27 4
49 25 24
45 26 25
58 67 98
67 88 25
62 57 100
63 86 80
10 81 97
51 59 66
28 96 75
50 82 68
89 91 57
72 51 50
93 50 99
7 15 25
46 29 17
65 66 50
76 99 84
5 81 86
59 83 84
57 59 84
23 26 20
94 51 57
4 27 47
91 77 31
59 62 64
