100 100 100
150
67 76 42
73 53 58
78 57 62
68 53 96
91 75 66
38 14 20
30 29 43
98 94 93
81 63 56
51 84 64
67 69 56
82 100 69
56 58 93
70 71 90
95 89 50
46 25 21
92 91 12
61 87 66
44 22 48
46 6 25
90 94 86
15 82 94
76 68 68
42 81 96
60 51 75
85 95 60
80 71 51
77 74 62
51 70 60
67 62 65
98 4 89
88 73 27
20 73 74
99 51 90
8 7 27
20 5 14
66 59 50
94 92 3
64 96 61
70 70 63
22 93 80
70 67 70
30 91 88
91 87 26
39 2 36
97 34 76
97 62 77
84 60 51
62 54 90
50 91 93
84 41 82
4 73 86
99 72 74
80 83 62
87 60 67
66 59 69
93 76 98
97 84 85
83 77 67
84 54 62
91 100 16
98 72 2
55 98 96
42 66 83
67 20 83
65 54 94
51 57 76
83 51 55
73 91 67
97 99 76
90 81 96
70 75 67
91 94 75
6 34 18
90 47 66
92 77 75
82 79 27
50 5 31
83 70 72
21 74 98
98 65 99
98 50 92
68 77 53
71 79 53
83 61 55
89 77 76
64 57 65
57 69 53
69 75 45
58 89 63
69 74 74
32 45 2
65 91 54
71 91 21
33 30 44
89 77 45
66 50 56
59 82 56
42 9 11
72 28 68
59 82 62
66 6 78
88 97 75
32 70 76
86 4 94
26 11 10
81 99 86
96 89 22
56 69 92
76 94 79
27 84 86
78 56 82
91 82 31
97 94 100
58 77 50
76 97 90
98 87 56
78 17 69
75 88 56
86 16 91
71 14 75
70 74 90
45 48 25
96 68 26
40 35 33
52 54 73
70 5 84
88 69 90
84 71 66
53 69 75
84 75 87
86 60 66
93 3 71
68 58 55
78 6 97
17 18 42
90 67 32
90 54 70
88 63 67
96 54 97
81 89 70
51 73 63
69 83 76
95 86 71
70 32 88
44 25 26
37 29 10
51 62 96
55 93 53
4 93 74
