100 100 100
150
31 75 69
9 36 11
68 99 66
51 85 78
82 56 85
85 81 26
73 66 70
73 8 83
97 54 64
53 67 89
88 51 73
67 76 3
82 63 79
78 93 9
66 84 71
80 69 78
86 88 48
94 66 53
8 96 88
46 83 72
63 50 86
29 84 99
69 82 82
55 52 92
84 99 91
89 75 60
52 72 54
90 65 72
67 10 83
94 78 53
54 68 52
77 95 54
16 21 24
98 63 97
54 58 97
28 39 14
14 46 45
51 69 94
51 66 69
71 89 99
28 66 85
83 75 86
85 55 57
11 39 12
71 95 90
92 10 76
70 52 84
72 87 85
91 22 99
51 84 61
54 56 92
93 80 88
70 1 91
76 65 73
72 18 83
84 88 55
54 88 70
57 61 58
98 83 86
57 86 93
29 42 8
39 76 83
98 87 93
95 65 56
58 92 60
66 78 20
96 75 53
72 37 72
89 96 65
77 81 7
63 69 55
56 61 79
50 63 51
55 73 76
97 83 72
85 57 51
82 85 29
30 80 96
55 55 68
35 80 80
61 75 86
94 74 67
65 100 70
72 98 51
64 61 62
91 69 95
72 54 88
67 26 82
77 78 37
47 66 76
76 70 55
14 41 4
83 24 69
88 97 77
73 73 74
16 48 15
88 73 90
91 53 57
16 15 27
67 61 55
74 36 67
60 90 95
98 48 71
52 100 78
97 22 82
71 67 32
66 40 73
37 80 73
70 53 72
92 3 76
99 87 56
66 53 92
14 67 74
57 83 76
58 81 81
80 64 89
63 91 57
73 61 74
82 4 79
88 89 95
91 98 56
92 59 69
90 77 53
88 82 57
74 69 9
88 36 69
68 81 90
53 76 63
83 72 31
98 59 55
76 79 72
82 55 71
80 90 90
97 90 50
61 83 97
67 97 89
3 75 82
62 70 81
74 91 57
80 58 81
73 88 60
50 77 84
75 96 84
79 20 91
82 66 63
38 15 26
60 66 50
74 44 91
93 81 68
88 98 74
