100 100 100
150
34 83 78
69 31 80
75 37 92
1 11 43
12 97 74
5 86 88
77 93 92
60 74 53
76 79 8
68 60 66
56 75 81
80 76 52
60 66 61
64 62 53
48 97 100
21 25 14
6 27 7
89 53 74
86 70 90
88 93 61
42 39 11
82 62 83
68 74 39
54 81 65
93 68 92
86 56 88
23 91 80
90 45 78
16 98 97
75 64 77
71 91 51
93 70 67
95 62 86
99 77 67
56 63 60
98 88 39
77 57 90
88 84 51
66 9 83
81 67 78
88 88 80
68 67 62
68 68 51
52 90 90
78 63 63
88 62 97
75 27 73
58 52 74
66 56 89
69 10 78
68 79 7
68 75 61
72 86 39
46 36 12
77 25 79
100 39 90
87 100 54
26 22 29
1 29 1
83 56 83
35 48 46
46 75 75
29 28 20
22 88 98
66 59 76
91 98 100
91 51 65
52 73 90
26 18 37
47 95 81
67 76 95
67 79 90
89 87 26
67 70 92
100 50 71
18 97 80
89 92 29
14 4 38
74 83 85
98 81 27
78 73 84
95 64 58
84 69 84
88 92 55
51 71 68
71 60 93
97 92 89
75 32 87
72 1 75
90 82 71
11 22 19
92 82 95
95 53 78
55 72 93
25 68 76
52 67 56
56 96 64
8 43 49
89 68 26
88 60 79
79 58 99
62 80 56
67 14 95
67 35 78
67 94 9
93 17 99
99 18 100
63 69 75
88 80 88
45 28 43
79 69 61
49 82 75
58 74 96
86 69 1
42 30 18
10 36 41
65 88 98
45 31 22
95 95 16
69 8 95
73 94 73
77 66 48
83 34 68
99 69 17
97 2 66
68 85 88
96 11 99
40 95 72
98 44 70
26 71 82
19 33 22
82 74 57
18 78 71
61 55 87
96 56 96
67 91 30
77 66 24
92 66 3
83 85 58
76 71 92
80 60 97
27 91 93
80 62 90
98 72 75
57 98 94
60 96 91
86 19 97
73 52 90
56 80 72
3 41 3
