100 100 100
150
71 38 76
99 53 94
77 57 52
16 24 38
73 90 45
99 13 79
55 68 88
58 59 91
61 69 81
25 81 80
51 100 88
98 51 54
63 68 95
57 60 66
76 50 78
52 91 67
60 60 54
78 37 86
97 29 91
56 75 50
38 66 90
51 88 82
58 66 66
54 85 90
78 87 68
3 20 27
80 76 21
74 98 2
56 59 89
92 8 83
62 90 100
78 9 82
79 91 50
89 100 42
59 94 75
77 30 98
53 97 96
75 100 84
42 35 21
81 82 28
96 86 54
54 60 63
50 82 72
82 56 69
84 81 88
74 76 80
51 99 89
94 93 89
3 17 2
57 79 69
61 63 63
70 69 60
11 22 41
72 70 9
4 29 13
54 68 84
70 85 64
79 80 3
45 89 89
83 78 98
88 84 97
67 25 89
32 19 15
79 58 74
50 76 68
95 55 55
32 30 25
75 95 78
79 94 20
97 67 97
24 35 31
46 75 83
75 100 29
53 92 82
29 4 37
9 7 41
51 92 95
50 80 97
94 84 50
99 80 76
9 7 40
70 18 90
53 88 72
78 87 58
88 80 73
27 14 32
14 44 42
94 91 46
66 3 92
85 62 52
45 37 12
72 30 69
82 73 44
72 97 82
70 73 56
74 96 67
76 93 88
12 68 73
75 2 82
37 67 90
65 69 83
90 82 36
20 96 73
93 77 60
71 67 15
100 69 99
11 99 68
79 66 62
68 28 73
84 54 76
86 52 67
88 79 64
65 68 81
26 89 70
96 92 5
2 6 29
78 95 2
30 14 7
31 47 41
22 17 5
43 25 15
30 9 26
79 54 63
53 60 85
60 99 80
69 89 16
76 90 84
94 68 95
91 50 91
94 87 39
7 98 70
40 79 70
23 22 3
70 67 61
33 9 9
73 84 75
59 82 85
50 85 72
65 52 85
71 83 45
2 28 39
76 57 85
86 80 95
28 91 91
5 25 40
90 42 99
100 36 72
78 61 51
98 30 97
96 67 95
