100 100 100
150
92 11 85
25 18 35
42 34 48
57 82 62
85 67 68
81 70 83
46 97 75
82 94 79
79 23 91
95 31 77
70 73 70
31 29 47
92 71 52
47 69 88
94 72 56
84 18 80
97 96 92
93 100 40
79 62 95
33 83 81
77 82 79
95 87 82
65 57 71
53 63 89
87 56 94
80 94 23
98 88 79
11 67 69
80 56 51
37 25 48
79 88 99
91 15 91
62 96 91
8 41 36
95 78 34
50 58 92
99 72 8
79 49 90
9 12 50
70 90 4
54 83 55
65 52 90
58 70 92
77 23 80
70 83 39
61 63 88
44 67 92
9 72 66
98 99 60
81 67 19
77 80 86
80 93 22
90 90 79
62 68 65
37 34 39
18 87 77
52 97 99
68 25 83
74 97 76
58 99 88
97 72 50
94 29 81
72 81 65
70 54 58
20 30 31
98 89 62
5 29 35
97 67 91
74 19 70
72 90 59
93 15 67
64 89 61
85 75 53
87 96 20
19 82 67
55 67 53
80 15 73
100 99 70
62 61 67
91 54 68
87 96 81
96 96 64
72 57 61
78 100 31
83 16 66
29 84 93
11 96 83
67 84 11
48 86 75
5 18 43
87 87 52
2 100 92
54 64 82
90 97 98
94 86 86
95 99 52
4 45 49
70 76 88
69 63 95
54 57 50
21 80 66
91 62 53
68 92 93
89 65 89
76 16 87
46 88 69
36 89 95
94 64 74
97 84 93
82 57 56
76 25 93
73 66 75
71 87 65
98 59 59
69 41 83
63 99 90
67 55 53
100 64 90
94 51 100
85 78 98
87 85 81
81 84 52
84 84 49
74 74 61
88 73 81
93 65 58
37 74 91
88 76 61
36 85 90
52 62 97
67 59 75
83 88 56
88 53 83
20 94 80
44 91 81
75 91 55
98 100 79
69 55 55
99 97 86
38 37 37
72 68 48
51 59 86
66 97 75
61 87 92
6 35 11
27 75 99
78 75 50
56 95 88
59 51 81
75 51 55
