100 100 100
150
89 93 38
29 95 88
49 83 67
85 56 100
72 47 83
50 52 79
97 74 19
82 12 67
76 84 98
73 5 98
90 98 77
84 50 59
87 9 90
15 33 9
17 20 38
10 74 73
83 72 30
19 42 6
71 99 24
66 72 45
64 85 86
23 17 4
98 75 75
50 27 42
72 75 96
74 98 73
53 59 78
67 47 93
80 54 88
93 70 97
95 87 97
23 22 43
92 97 34
73 95 81
24 97 73
48 91 99
44 82 87
10 89 69
83 68 65
83 54 68
24 7 25
51 71 65
34 13 6
91 97 20
25 97 98
77 22 70
58 95 68
91 99 68
75 70 71
63 100 77
94 96 85
38 100 91
81 76 93
91 87 80
86 66 68
75 99 62
68 44 97
64 85 97
65 67 89
83 70 52
75 77 12
15 74 95
64 54 82
24 29 33
93 60 76
14 16 38
99 79 52
74 17 78
81 68 66
97 61 73
51 75 63
76 81 73
96 53 63
40 46 40
60 75 96
63 54 63
88 76 27
75 92 93
45 73 77
29 71 89
54 70 80
72 76 30
92 50 74
84 50 65
97 80 10
90 60 60
68 81 64
78 83 60
97 91 65
7 15 46
96 18 90
48 89 67
71 69 97
12 72 70
93 98 64
66 77 63
100 88 9
88 93 82
66 94 79
50 55 73
63 90 76
92 79 64
87 78 90
32 96 89
80 12 88
93 55 60
68 10 86
59 61 61
68 83 8
56 59 60
70 100 16
59 80 87
52 81 50
77 50 88
71 79 91
91 93 64
68 51 95
67 74 62
70 68 66
93 58 91
68 54 97
94 92 54
94 82 73
29 79 75
32 37 21
79 94 82
84 73 53
58 85 51
81 92 75
63 64 78
80 77 92
84 83 94
66 84 81
19 43 20
97 75 92
27 79 91
94 100 42
89 75 88
81 64 62
88 56 76
83 37 78
76 62 86
72 64 80
93 82 88
56 68 83
42 79 75
80 92 22
86 53 100
36 1 24
79 87 65
