100 100 100
150
42 66 80
74 66 64
77 82 96
72 97 23
12 16 28
71 86 50
67 97 52
53 89 80
30 67 74
73 93 35
69 80 7
52 75 62
98 51 68
64 78 52
53 89 89
75 60 89
20 21 39
98 51 81
72 79 75
60 70 65
75 71 19
57 61 81
88 75 25
73 97 8
12 46 23
71 53 50
60 56 78
92 70 95
70 75 44
94 10 94
61 85 96
56 74 94
55 53 71
99 58 76
66 58 67
51 61 83
60 91 60
59 69 82
66 82 58
93 83 73
37 87 81
85 35 94
68 81 8
36 14 9
78 60 58
60 90 79
85 17 76
77 90 57
97 74 48
91 60 55
2 2 31
73 79 81
49 93 71
10 28 46
55 97 67
72 77 77
1 31 19
60 59 69
25 11 43
80 73 35
96 88 50
24 73 87
41 38 44
54 98 50
76 78 67
28 98 98
91 26 81
91 86 66
59 99 72
45 18 29
55 57 77
47 72 98
57 83 97
89 57 53
89 67 70
34 98 99
83 95 27
83 95 12
50 65 74
72 84 1
71 68 52
97 52 96
60 70 63
75 95 94
100 70 45
84 45 68
69 1 92
73 73 91
69 86 94
72 75 70
1 89 67
79 83 82
69 47 67
74 71 52
1 89 97
62 54 73
87 40 100
22 85 68
88 73 64
71 79 72
75 75 59
69 95 76
56 89 86
79 93 71
73 81 35
77 73 54
100 94 66
66 82 16
81 88 98
47 80 70
33 26 8
95 67 98
58 74 85
57 68 65
80 97 74
34 16 1
95 73 59
91 100 10
68 93 12
97 42 71
1 45 3
69 82 18
73 36 88
6 15 21
70 50 73
92 96 79
76 64 75
71 79 35
75 87 73
8 87 87
94 96 85
84 51 80
85 86 34
94 100 83
55 99 66
81 78 67
48 8 14
17 81 85
90 58 63
84 69 87
84 73 89
77 90 62
77 81 86
6 20 4
92 2 87
91 78 71
89 63 95
74 24 99
92 14 82
58 71 76
