100 100 100
150
84 26 90
65 87 53
95 74 50
22 70 100
89 51 77
65 93 97
70 72 73
76 74 67
66 99 64
86 77 46
46 81 66
70 75 64
3 48 1
57 76 65
70 59 93
99 84 96
52 100 77
69 88 50
68 88 77
79 52 79
64 64 99
51 87 54
87 59 59
87 28 88
79 90 18
31 12 11
31 99 95
18 81 96
47 87 82
80 66 68
46 11 18
73 50 57
92 4 90
99 73 98
69 89 82
64 89 91
62 80 91
71 85 89
73 88 33
51 62 53
54 50 80
68 93 46
78 2 66
78 100 65
84 78 83
97 78 88
90 91 98
94 29 79
81 62 93
95 70 85
43 98 86
100 73 55
45 97 90
24 27 43
74 76 93
34 47 2
50 19 10
68 86 1
74 59 91
6 75 88
75 63 64
80 43 66
44 29 37
79 14 77
60 95 84
58 88 81
18 94 69
89 57 54
64 54 79
74 36 79
20 7 25
80 74 34
68 86 56
75 53 68
93 84 70
25 3 47
79 46 66
100 79 64
70 92 90
95 77 68
63 93 51
97 94 86
80 89 51
65 90 97
59 93 95
51 94 55
66 82 90
93 89 95
66 80 71
67 80 51
71 54 76
56 70 59
55 80 50
65 96 67
65 98 72
84 47 94
75 38 85
99 75 69
85 79 99
67 77 95
42 100 89
74 77 50
100 75 57
99 82 50
2 89 91
60 92 72
5 96 69
90 81 60
98 65 87
36 4 31
85 59 89
81 55 59
65 68 70
87 59 94
35 9 3
28 36 41
96 69 50
79 100 45
94 83 37
83 68 51
88 67 49
42 17 46
83 59 83
85 40 93
68 70 87
53 74 52
79 85 5
47 99 80
70 56 96
93 68 31
87 78 8
85 97 93
72 94 77
77 61 57
89 97 90
59 58 99
85 80 63
51 90 79
72 51 90
31 76 80
92 95 74
70 70 33
58 99 65
81 71 54
92 73 22
99 55 59
80 78 63
14 81 66
77 71 95
87 56 86
