100 100 100
150
70 49 87
45 82 97
22 68 78
86 30 69
64 89 71
86 76 94
74 77 49
75 58 55
73 31 80
60 92 60
72 95 100
89 74 67
79 56 59
79 84 10
88 55 96
73 82 78
63 85 64
90 50 97
65 71 80
73 72 4
52 91 79
83 83 10
94 76 64
88 30 74
72 35 94
95 89 5
99 75 52
82 72 99
77 72 99
61 52 67
70 67 9
89 76 95
99 87 76
20 92 66
71 94 96
52 90 74
90 70 70
57 100 97
25 22 12
61 91 83
89 98 81
97 100 37
77 20 88
84 67 96
91 71 81
84 91 96
46 95 95
99 96 61
59 83 54
43 41 31
92 69 79
13 39 44
57 61 60
77 90 98
68 81 92
93 57 55
59 91 62
92 33 86
92 81 54
84 83 73
69 43 72
72 47 93
63 99 54
63 66 68
30 42 1
97 38 72
39 78 79
60 80 67
68 85 85
72 52 62
79 39 79
58 58 55
80 65 65
83 67 48
29 15 43
84 90 65
86 23 71
99 73 88
80 88 50
87 51 60
80 66 100
3 98 82
99 58 65
66 79 45
97 52 50
37 86 78
67 84 39
63 53 100
18 18 13
63 84 82
58 51 100
60 84 88
8 26 34
16 72 74
63 60 76
86 75 34
12 87 83
67 91 62
56 58 84
23 12 11
74 75 44
98 51 73
69 60 53
69 70 79
82 6 93
95 59 66
28 86 73
54 79 97
80 95 50
77 92 100
65 92 94
92 93 70
71 61 54
67 77 71
68 15 66
74 52 65
87 72 38
78 34 84
99 96 90
90 73 94
86 42 79
83 92 88
44 86 69
55 56 92
71 95 63
74 77 32
84 73 69
93 85 100
64 51 94
68 67 69
81 42 72
87 67 28
100 73 100
97 92 33
78 100 46
87 65 53
73 73 57
70 60 62
55 70 91
75 72 7
4 1 36
77 95 63
63 65 71
63 65 100
10 76 88
81 82 99
20 12 38
72 53 58
77 67 29
66 91 97
