100 100 100
100
69 94 48
73 74 18
88 70 31
92 82 39
79 95 32
71 83 45
88 75 34
70 28 87
10 71 96
14 16 41
97 89 15
89 6 100
91 92 22
74 19 85
86 98 20
1 13 26
96 89 39
91 9 73
93 68 39
68 61 63
6 1 9
70 19 90
96 85 47
12 3 20
85 72 11
83 71 8
83 70 3
68 84 48
97 83 32
94 97 35
75 69 12
96 93 27
44 99 68
91 82 13
77 70 3
3 5 35
67 69 78
48 78 72
94 70 37
87 73 29
95 73 30
72 31 79
76 73 34
94 69 5
80 100 14
95 57 71
96 66 34
79 41 94
3 86 87
84 2 68
71 67 13
68 81 17
71 80 27
95 66 14
87 78 12
71 89 10
81 74 21
26 74 83
71 100 47
85 84 41
92 88 2
85 66 33
31 2 30
82 96 8
78 3 87
18 23 39
92 76 6
72 48 79
24 44 17
69 87 39
28 50 34
77 86 35
80 91 20
88 13 94
68 78 60
95 83 26
72 78 47
16 6 6
84 86 71
87 68 15
78 75 15
81 88 41
82 69 19
91 83 38
87 78 17
76 41 72
89 90 26
99 78 50
83 88 44
67 84 26
41 86 97
82 93 62
66 74 27
73 23 69
80 75 1
97 34 85
58 67 92
44 17 7
30 5 24
54 92 98
