100 100 100
100
92 67 21
70 61 89
60 97 99
44 12 48
93 83 29
93 43 77
66 50 73
99 98 24
71 73 2
39 76 81
90 82 39
89 97 40
80 75 31
86 97 48
89 81 69
69 6 72
98 45 91
89 87 72
86 99 43
92 31 68
73 85 2
98 74 49
75 76 45
73 71 13
72 70 24
29 16 19
69 78 45
50 26 28
90 96 44
98 40 88
74 72 26
56 80 87
83 61 89
88 76 18
94 14 70
64 84 72
86 50 99
89 57 77
72 89 39
74 92 16
81 79 50
69 75 48
98 90 13
73 78 9
68 79 19
98 92 24
87 92 9
87 72 21
31 29 48
86 93 43
91 69 14
90 92 28
1 26 3
100 67 31
67 69 9
81 86 38
26 85 97
94 94 23
91 92 29
10 41 27
88 77 49
90 97 23
76 93 17
82 76 42
88 97 41
99 92 29
67 79 3
100 75 46
33 97 76
87 69 2
18 94 70
28 21 20
98 73 31
70 7 85
72 79 15
98 80 39
68 8 89
69 71 12
91 90 17
99 97 19
15 49 8
72 85 25
27 18 33
13 4 4
74 99 27
35 83 75
14 84 98
97 89 26
69 87 34
74 86 47
5 70 69
95 83 43
72 76 48
94 83 14
78 78 88
92 62 82
71 36 92
22 2 2
88 86 99
80 73 2
