100 100 100
100
66 66 13
82 13 99
50 63 52
32 90 86
73 88 43
95 25 98
99 87 28
49 5 10
36 2 22
7 40 4
89 90 39
78 68 78
92 91 11
83 85 50
66 83 37
79 78 74
80 7 82
71 91 59
97 11 75
72 86 30
2 78 73
97 76 19
93 74 19
94 76 37
47 6 8
21 34 3
25 40 41
87 89 24
37 72 100
98 75 11
91 71 2
98 70 22
87 78 17
19 29 8
91 66 42
60 96 56
89 15 98
94 88 46
40 91 85
98 82 6
85 87 10
67 74 16
86 92 37
73 38 78
73 79 5
93 98 14
42 94 98
74 86 27
82 74 44
73 80 19
17 18 20
71 88 36
35 96 84
69 90 11
26 69 76
22 79 93
40 15 14
69 82 27
83 88 43
94 86 27
79 77 41
77 87 87
94 83 23
71 40 77
95 81 47
98 79 43
77 94 17
8 42 14
75 90 50
70 54 60
26 68 69
12 88 81
36 44 23
99 57 81
35 91 68
71 78 29
68 44 81
79 76 12
66 71 45
81 80 21
35 92 93
70 58 65
73 79 27
1 34 28
89 67 1
74 67 4
40 48 46
43 95 82
77 90 26
79 86 29
90 91 40
97 22 80
88 88 36
83 81 100
63 79 57
98 88 99
78 2 91
48 100 71
63 70 95
15 69 67
