100 100 100
100
99 74 25
69 96 33
38 72 90
71 85 30
78 9 85
85 80 20
88 100 21
69 76 19
73 77 39
82 80 14
66 71 67
93 96 39
22 91 76
74 70 46
82 34 73
94 6 70
77 85 99
34 12 38
67 93 2
39 74 100
86 87 14
28 74 74
69 71 85
98 95 56
95 86 4
73 98 49
76 99 28
84 81 49
68 95 19
91 77 36
85 72 43
99 81 18
92 93 32
88 100 2
19 26 30
77 46 71
40 79 76
71 97 29
97 78 44
75 90 32
88 92 98
16 16 7
85 87 39
88 35 84
67 94 43
72 85 16
42 16 23
82 70 19
65 77 92
31 69 89
87 70 24
73 73 2
88 86 73
91 66 7
9 84 72
44 12 27
78 74 4
93 77 2
69 73 84
81 87 14
100 88 29
56 68 85
85 50 82
82 98 37
76 85 3
67 93 48
75 78 27
73 67 18
70 45 82
68 31 93
77 78 5
64 84 89
88 95 23
92 76 48
80 74 3
93 27 74
98 21 86
89 84 96
12 96 80
74 81 26
99 96 30
83 91 16
98 90 34
85 67 19
92 92 36
71 67 17
37 90 85
36 88 87
72 93 9
27 87 96
70 72 32
12 87 68
88 80 44
79 100 37
77 74 30
15 49 34
40 71 77
81 82 34
99 42 94
68 86 15
