100 100 100
100
96 69 40
23 50 41
97 91 46
84 93 25
76 94 95
74 72 6
34 17 13
91 88 25
91 77 88
95 99 27
95 41 95
37 100 68
83 5 72
27 86 90
85 66 18
40 79 75
73 94 14
80 92 4
71 71 8
77 98 19
82 97 41
68 96 38
74 38 97
86 69 18
50 79 85
91 99 44
78 84 16
80 86 25
95 84 35
45 35 12
78 86 33
78 93 15
40 5 48
86 32 89
83 80 19
18 68 100
10 77 78
12 2 13
98 76 22
53 52 87
10 79 69
79 89 49
28 41 44
29 29 22
25 10 34
97 8 77
78 79 42
89 100 14
96 84 7
85 92 50
78 83 31
14 92 96
54 72 61
77 90 4
76 18 81
90 72 35
77 85 45
81 40 76
85 89 40
99 97 74
87 77 18
19 50 30
77 100 99
34 82 83
93 65 70
12 94 92
95 96 38
74 86 21
66 83 15
2 69 93
70 89 40
84 70 29
74 73 24
70 83 18
99 1 86
69 90 30
71 97 45
91 98 25
27 8 2
13 93 77
69 66 13
31 19 2
89 100 40
52 85 63
94 69 20
69 68 29
68 96 33
92 61 76
28 10 41
29 89 69
84 77 23
73 76 20
99 90 100
24 84 72
27 16 18
93 83 45
88 97 7
78 81 86
10 89 97
95 67 49
