100 100 100
100
82 77 2
88 43 73
68 19 66
73 88 21
77 81 26
99 100 43
76 90 8
91 32 94
99 71 22
95 84 37
1 91 80
83 92 86
89 97 53
90 77 62
36 87 74
77 74 44
93 73 21
72 80 23
76 83 13
79 86 39
79 83 17
94 82 25
93 86 35
4 94 74
70 100 45
98 78 40
69 70 5
100 90 2
86 95 4
100 92 37
72 87 24
79 69 9
92 75 13
73 83 43
96 15 72
83 72 35
79 76 11
72 81 46
100 98 49
75 72 35
81 69 50
73 84 40
29 11 46
94 94 13
76 74 70
67 59 79
52 91 52
97 29 76
11 16 40
73 6 75
68 85 37
66 77 39
88 87 39
87 78 50
81 25 77
89 62 90
35 74 80
10 80 86
75 90 39
77 90 39
73 88 6
26 4 45
41 12 2
50 45 18
86 92 14
76 96 7
57 57 80
90 69 73
73 73 45
90 95 27
99 99 26
11 85 96
96 87 24
96 49 72
94 74 6
91 84 32
11 81 85
85 92 32
91 86 5
96 94 39
38 22 45
85 21 94
79 76 49
79 74 50
97 94 5
59 89 55
85 3 94
87 76 81
82 71 87
76 93 59
76 93 15
85 66 33
87 74 9
85 81 96
86 96 7
95 96 3
75 66 20
8 94 66
18 77 66
98 49 74
