100 100 100
100
79 84 17
97 82 6
87 93 5
98 96 16
83 74 37
88 69 29
99 12 85
3 9 42
40 10 36
73 68 50
78 92 39
81 95 32
1 44 21
74 82 46
81 84 1
68 70 24
89 1 69
88 90 39
96 100 69
82 75 10
75 93 46
74 81 9
90 75 7
66 85 49
17 89 95
49 26 37
71 78 43
96 95 26
66 84 22
92 70 11
30 19 14
93 81 6
72 70 53
31 75 73
75 71 46
74 89 11
79 74 50
73 31 85
6 84 72
86 81 12
88 59 98
68 92 32
56 87 90
73 88 1
82 39 96
78 95 20
77 99 31
69 79 49
23 94 92
97 69 31
94 86 42
69 96 6
89 91 41
73 90 45
73 69 49
95 100 4
74 85 28
93 88 25
87 90 37
28 92 92
95 77 45
77 99 11
91 88 45
94 84 32
80 95 19
54 88 75
78 75 9
75 67 30
69 76 28
89 73 12
22 75 93
96 87 44
82 77 27
70 95 67
45 16 9
67 79 33
97 2 79
68 85 38
96 3 72
90 71 45
90 87 28
68 67 27
45 26 5
7 18 40
99 83 39
87 69 2
66 96 22
15 7 20
79 15 71
71 98 66
15 3 8
96 90 45
86 88 18
70 99 20
58 53 98
98 75 14
86 69 30
100 77 50
79 66 14
90 77 16
