100 100 100
100
77 92 29
37 30 13
20 16 10
87 91 12
88 68 47
78 97 16
26 35 45
78 75 1
67 100 3
85 88 10
92 92 14
11 98 72
76 77 11
86 97 46
85 70 15
95 77 3
94 74 71
28 78 66
10 96 71
84 98 28
72 79 22
20 42 44
98 64 78
79 87 15
80 67 36
88 93 31
74 99 32
93 99 3
92 7 86
97 72 38
29 15 5
94 92 50
80 92 42
70 66 32
88 89 34
89 70 36
80 73 36
85 100 15
23 83 81
98 89 38
86 96 11
85 99 23
91 50 68
100 15 82
13 71 71
92 82 20
82 79 49
47 48 41
88 81 3
85 93 21
52 84 70
39 31 24
79 96 44
83 78 41
78 84 27
85 68 13
72 74 18
82 95 50
77 46 76
73 81 14
81 88 33
69 98 26
76 68 71
79 92 91
16 24 25
85 76 16
99 94 19
75 87 34
99 66 10
89 87 46
86 85 47
78 67 24
69 91 27
18 42 26
35 97 89
89 23 70
69 29 84
97 29 80
100 76 10
83 84 50
94 43 85
87 74 14
95 97 12
96 81 31
67 73 24
29 6 15
95 78 41
8 15 33
44 80 89
37 48 39
70 67 48
46 45 8
74 68 24
91 84 31
83 95 34
23 88 89
48 43 41
57 53 92
87 77 11
3 34 1
