100 100 100
100
47 87 79
43 69 81
27 95 76
77 99 7
82 96 8
44 26 4
99 92 37
77 87 9
96 56 97
86 72 23
84 81 38
85 67 11
77 76 2
74 66 47
5 40 32
26 13 33
70 78 46
39 88 84
14 4 32
2 14 49
56 77 60
92 66 28
94 34 75
93 78 32
97 91 33
94 71 28
99 72 20
77 92 27
84 84 9
9 5 12
92 62 92
73 69 47
18 11 8
68 93 27
12 25 23
80 75 10
40 26 25
86 75 47
80 66 87
74 75 13
76 75 39
80 27 95
26 76 91
19 9 30
81 85 40
82 22 71
88 72 20
72 93 34
80 83 71
74 81 12
75 89 3
97 100 41
80 5 83
69 67 38
70 75 4
88 93 21
71 85 9
78 74 63
89 91 32
94 83 2
80 77 22
95 98 42
68 67 62
82 74 13
52 59 86
20 22 20
84 37 90
99 11 99
50 97 55
88 77 31
91 73 34
96 69 7
90 49 73
66 89 46
81 79 12
100 68 36
25 100 90
80 72 1
35 100 67
7 84 86
99 73 43
70 82 50
86 72 20
64 63 77
69 97 8
82 82 27
76 84 11
82 79 47
68 82 19
39 45 42
64 87 91
72 69 18
73 82 33
26 91 96
88 82 24
26 90 88
96 99 1
82 77 25
73 66 9
76 55 59
