100 100 100
100
50 95 76
68 92 30
95 78 21
89 71 1
22 20 18
69 94 41
76 30 87
64 88 63
70 94 36
98 92 33
43 41 15
70 93 26
79 76 40
98 81 47
81 88 46
78 80 12
67 92 3
67 75 52
82 36 74
89 87 17
32 75 95
71 17 73
90 87 23
71 80 46
90 81 27
78 73 22
7 93 67
74 96 4
98 72 26
94 87 37
81 10 66
39 80 88
68 86 23
67 14 78
100 65 60
45 21 37
59 61 68
16 24 32
71 91 11
98 28 94
79 100 20
74 19 83
25 94 78
94 84 19
75 100 30
90 87 61
65 58 87
80 77 28
17 91 98
97 10 82
50 48 9
87 73 9
5 42 1
91 90 34
98 90 32
78 11 95
69 74 49
46 98 89
79 92 31
81 84 39
66 88 10
99 97 7
3 22 24
20 92 98
71 94 34
94 91 25
82 96 42
53 82 100
67 94 25
23 91 67
85 83 20
45 84 97
77 95 30
92 85 15
76 12 72
87 97 36
47 72 83
34 78 73
61 50 75
70 97 13
80 89 25
89 89 37
6 8 27
90 100 12
72 87 43
79 82 38
91 74 100
90 72 12
75 85 2
97 84 44
76 88 33
84 34 86
73 97 41
74 76 4
80 82 13
93 48 98
87 95 58
85 94 13
6 49 8
88 92 18
