100 100 100
150
3 97 71
42 77 99
34 23 67
81 77 72
20 49 43
11 28 62
73 10 75
38 14 70
15 30 79
93 4 98
16 79 76
9 95 21
44 74 1
69 88 17
15 30 19
51 18 19
60 56 87
30 17 87
95 11 13
25 34 100
85 96 75
71 23 67
16 62 99
63 48 76
35 44 72
98 75 46
6 75 74
19 37 1
41 65 17
94 54 6
78 42 41
92 81 56
70 64 79
61 70 46
7 2 56
54 35 100
60 39 83
57 88 18
74 47 79
55 13 74
92 43 54
49 3 33
98 77 31
70 83 44
16 48 74
61 95 8
57 77 5
20 5 14
77 24 46
49 43 94
72 53 18
41 98 88
100 27 78
35 1 22
93 45 26
77 61 29
41 80 41
68 3 41
47 26 45
39 2 86
32 17 84
81 96 45
83 24 87
19 48 66
40 88 52
43 19 92
79 72 32
24 91 97
1 54 63
61 96 86
33 10 74
57 22 36
30 53 60
76 34 77
30 69 60
45 44 91
8 85 34
100 50 6
20 88 28
97 8 98
63 81 100
66 83 93
2 2 4
99 58 24
11 92 51
93 22 7
70 8 17
22 44 6
10 59 23
90 4 29
45 99 24
84 78 61
69 18 75
33 70 17
20 96 30
97 98 47
60 39 25
34 45 56
34 18 52
20 97 46
44 8 52
98 93 27
99 27 85
100 55 31
57 5 90
52 21 71
44 68 64
70 70 37
97 21 29
28 76 8
49 40 10
74 43 35
89 57 88
48 38 90
77 53 68
93 57 9
78 98 90
31 73 74
20 45 69
17 51 4
18 6 80
13 55 32
95 52 80
80 40 41
53 16 36
71 75 83
80 94 33
84 62 95
99 65 35
3 80 31
45 69 35
92 9 11
22 22 28
43 18 7
84 13 82
91 6 33
66 25 28
64 51 82
85 51 42
61 4 54
75 76 11
60 70 52
32 24 13
51 14 22
19 86 3
48 4 11
53 66 61
77 4 86
100 99 99
64 43 56
