100 100 100
150
91 81 95
34 25 59
86 11 67
69 41 32
96 37 99
99 16 62
73 74 83
50 46 26
79 2 99
45 72 38
8 63 8
49 79 41
48 90 57
77 80 81
83 82 83
7 6 3
76 48 83
10 13 43
23 59 97
57 54 24
97 72 3
35 83 91
28 98 39
75 84 36
31 8 16
98 71 46
38 67 66
95 5 85
21 29 69
14 14 82
86 66 89
8 21 28
90 24 23
45 30 38
75 86 28
10 27 96
4 3 11
1 92 82
10 3 87
75 73 22
88 7 78
25 99 65
46 61 15
66 71 24
64 24 10
53 59 40
49 69 65
28 89 14
85 64 46
45 39 26
4 33 90
9 30 64
40 3 30
75 1 78
21 5 86
85 25 45
29 88 33
92 75 61
39 62 37
59 82 22
72 97 60
21 88 45
55 20 79
91 72 22
32 76 72
39 47 56
19 48 16
48 15 53
29 70 19
21 12 70
1 86 34
81 90 16
62 37 68
8 78 5
98 1 64
9 44 63
68 65 70
4 70 58
8 52 80
81 76 98
75 29 92
58 31 89
66 78 4
27 90 28
67 56 55
73 34 39
94 64 53
6 88 70
98 91 83
54 52 17
37 67 16
76 66 5
93 22 71
57 90 25
72 60 46
81 78 95
20 7 53
26 57 24
10 10 4
48 41 82
36 76 8
90 33 7
35 79 21
80 75 31
57 37 6
80 61 35
20 20 88
90 86 25
69 73 13
32 28 44
13 32 38
10 23 59
57 5 64
72 34 74
41 57 84
21 41 5
42 2 26
67 73 82
48 37 41
97 31 36
26 26 8
29 95 64
91 4 92
88 24 29
9 60 20
31 47 31
28 82 85
16 98 15
59 97 51
67 28 55
1 61 95
16 65 27
46 42 44
23 42 99
36 57 14
11 66 5
62 53 48
16 39 34
57 99 42
77 72 2
23 56 47
32 42 16
40 48 21
87 90 58
19 50 3
68 72 7
53 26 57
93 96 46
40 35 71
100 91 64
