100 100 100
150
61 34 18
98 32 64
81 20 22
25 87 37
55 1 61
43 31 62
92 34 81
55 81 63
54 51 22
90 94 3
82 72 23
26 94 58
79 82 32
89 19 17
93 7 58
32 64 68
66 25 78
50 76 12
13 7 11
98 97 40
95 21 25
64 25 56
27 7 90
87 87 5
6 13 98
55 34 58
96 87 25
92 39 61
80 65 55
51 33 98
84 39 7
56 71 44
69 92 18
89 48 95
22 82 51
23 46 85
22 40 45
78 11 66
68 72 30
80 40 99
58 56 76
66 29 41
52 5 29
46 86 89
58 1 36
97 58 48
67 57 63
33 83 39
84 85 65
33 77 46
18 18 12
26 9 93
90 100 48
51 7 39
31 86 96
9 67 38
67 37 3
96 97 46
34 51 76
88 97 10
54 38 62
21 82 45
77 88 86
64 83 14
59 41 94
20 62 4
10 88 63
88 14 57
8 62 94
37 3 67
36 39 65
46 36 12
32 22 75
84 72 25
89 10 27
57 31 3
35 26 72
29 5 51
79 1 99
78 42 87
5 85 98
46 81 46
20 95 55
79 28 20
41 72 73
38 100 67
73 20 47
70 95 75
36 12 82
14 14 37
32 71 55
76 68 37
71 47 90
41 89 74
54 44 69
13 13 75
83 24 12
26 100 5
33 31 10
88 72 34
31 68 82
90 3 79
62 79 35
64 54 88
100 1 29
33 43 83
91 77 67
74 72 57
36 42 15
69 79 64
24 41 4
51 81 100
99 18 99
57 60 26
51 70 70
18 43 74
52 95 32
32 92 87
51 70 84
50 77 88
25 11 22
69 34 61
86 17 78
13 39 37
4 61 3
92 81 75
23 71 16
68 56 75
58 49 50
28 35 8
43 49 93
24 83 76
44 38 11
8 96 56
34 25 28
16 72 46
32 62 14
60 22 47
35 23 93
82 19 59
42 53 17
29 52 89
18 45 7
71 45 10
26 67 65
65 75 95
28 43 87
41 22 38
11 99 37
20 9 56
