100 100 100
150
32 86 88
11 38 20
23 28 28
34 86 93
65 66 24
88 93 63
10 95 32
59 63 99
76 47 44
82 17 15
9 80 37
2 8 74
61 75 6
50 57 2
4 31 80
56 71 32
9 49 72
91 38 80
4 8 26
86 87 57
94 17 96
44 68 72
25 63 92
48 37 21
32 17 29
11 96 71
55 56 31
88 26 90
38 50 42
35 99 63
83 59 78
5 74 61
47 9 12
86 15 3
20 27 73
35 16 21
93 24 28
2 29 3
75 40 72
32 58 23
77 52 23
6 12 18
59 2 44
79 100 53
53 29 15
42 4 57
38 46 62
37 30 63
34 5 83
70 16 67
33 50 35
42 35 21
93 96 67
28 14 51
90 66 59
34 10 78
6 85 74
49 20 82
28 91 14
16 11 99
37 78 65
74 77 46
100 57 44
36 41 59
85 53 17
52 28 53
48 29 9
81 60 14
34 3 68
6 45 11
22 91 43
62 35 9
55 54 29
13 67 98
31 18 37
6 69 96
53 34 75
53 91 95
49 49 17
22 9 23
84 42 57
35 32 2
75 59 5
32 19 65
16 89 92
2 19 44
51 25 94
35 1 79
75 32 80
75 77 58
26 76 93
29 19 70
50 71 60
26 35 74
85 81 91
46 95 8
93 40 70
79 90 33
3 99 65
29 54 87
25 9 57
91 74 100
88 28 50
97 32 44
94 66 3
85 26 32
13 81 45
59 7 90
2 10 18
5 29 85
34 97 19
39 40 40
90 30 33
41 35 27
14 82 5
14 94 42
63 39 91
96 62 91
53 2 74
2 72 41
75 95 37
62 72 57
80 29 13
37 53 94
46 61 85
4 16 20
65 11 46
21 15 36
56 2 96
88 41 12
38 38 92
85 2 72
91 87 77
40 99 12
85 46 43
20 27 86
51 70 81
53 4 59
14 100 43
86 17 15
60 49 88
25 11 61
49 93 94
4 47 63
32 83 28
13 29 84
54 11 70
38 49 31
29 64 4
41 80 49
