100 100 100
150
2 87 11
75 45 25
18 85 35
42 84 98
24 78 34
84 8 11
29 55 30
64 98 36
51 96 67
75 39 80
35 89 52
79 23 91
92 15 81
62 96 38
14 8 55
81 29 97
99 26 67
79 1 97
94 8 40
27 78 21
92 14 18
25 10 37
24 72 43
8 40 90
7 22 11
68 11 83
13 76 38
85 60 66
97 86 80
20 18 27
33 32 96
53 24 25
26 77 7
82 33 60
19 23 96
96 87 10
11 61 62
79 48 39
33 57 15
37 25 48
47 1 69
47 42 46
65 46 58
11 63 70
95 58 41
86 3 65
8 34 60
94 24 88
33 74 2
58 2 39
99 35 5
59 62 50
43 45 85
4 20 64
48 95 69
6 52 71
96 86 92
1 42 67
23 80 53
45 78 39
19 19 19
74 71 94
22 77 51
9 52 51
60 18 39
85 43 1
87 69 4
21 7 70
13 95 43
22 88 8
57 96 74
79 33 5
25 87 84
89 61 18
22 27 100
54 56 36
72 43 25
78 26 88
20 98 36
19 75 12
14 98 63
23 82 59
29 76 4
84 9 57
90 57 10
67 85 20
30 81 40
99 60 84
65 5 79
35 39 78
21 28 32
29 69 50
28 96 79
10 82 23
15 17 66
30 30 40
4 57 81
79 33 62
26 20 71
69 37 87
20 1 31
43 92 20
15 28 64
81 63 1
37 30 26
38 8 80
36 38 24
95 93 22
17 79 20
94 28 5
45 54 33
28 50 81
32 43 16
26 61 79
24 43 91
11 96 63
73 32 49
61 81 48
56 35 65
55 18 93
74 80 3
54 11 2
75 42 99
10 68 2
89 62 20
65 50 12
60 100 29
73 21 44
55 54 95
49 48 65
80 26 90
93 68 21
37 83 44
25 1 21
35 66 9
73 81 79
69 31 47
97 39 20
92 24 42
91 16 72
31 46 58
74 21 86
79 90 80
36 50 63
39 52 90
10 84 72
29 28 52
86 75 23
100 28 70
61 98 41
