100 100 100
150
73 39 33
88 51 29
60 93 41
99 83 2
34 43 97
29 22 12
47 68 29
68 80 72
73 92 89
19 62 92
62 97 66
55 37 7
22 8 55
23 34 75
25 32 77
5 88 61
42 2 9
20 15 65
33 9 55
67 20 38
91 10 89
53 53 53
22 80 45
69 42 6
33 26 94
24 73 96
72 45 44
81 95 43
55 23 67
4 84 44
32 4 15
50 27 42
4 94 1
27 100 68
65 68 66
8 5 98
82 97 97
3 66 24
92 25 9
41 43 24
66 49 16
87 25 23
72 43 73
92 77 34
90 86 68
31 1 74
27 23 11
98 71 64
31 94 72
47 41 60
14 19 28
75 40 26
94 41 4
81 75 24
7 75 80
31 43 63
35 34 63
6 13 51
17 20 91
25 92 28
2 7 22
75 66 95
45 46 57
29 10 44
86 82 62
65 57 50
25 10 50
62 53 75
91 88 65
91 78 4
91 48 4
43 80 2
96 71 90
66 56 91
64 35 62
3 94 77
38 51 28
2 60 32
90 46 54
15 42 48
93 55 22
12 81 15
84 40 54
37 100 50
65 74 29
83 4 49
8 86 35
64 66 88
4 25 77
96 2 99
67 33 70
30 72 83
7 20 97
95 80 71
46 2 88
63 12 21
66 73 39
80 75 90
96 40 78
10 19 40
14 42 6
44 63 93
41 77 79
14 41 57
31 95 48
42 91 29
6 94 50
80 28 55
83 47 71
30 78 26
7 62 48
68 9 21
23 7 50
10 36 32
35 55 26
7 99 31
36 24 8
25 99 52
10 15 55
7 65 46
72 16 18
95 1 98
69 2 86
34 82 11
31 62 2
25 37 57
54 88 59
26 80 5
53 55 93
9 54 17
23 15 89
54 87 69
84 32 10
9 56 77
86 35 24
77 36 19
40 39 14
90 21 32
71 49 92
95 62 28
49 90 29
70 32 58
10 86 67
69 52 16
93 68 53
58 38 9
3 96 83
35 50 16
70 93 85
82 17 86
