100 100 100
150
91 92 56
100 58 34
55 50 48
7 81 7
93 7 7
73 85 12
66 28 27
73 63 61
96 89 12
12 84 57
36 54 81
80 52 24
53 48 78
35 73 59
35 57 100
30 94 26
84 79 4
60 78 34
23 9 69
56 11 2
89 7 59
34 95 70
21 89 96
81 93 23
8 31 76
29 36 8
30 65 3
30 81 19
66 7 5
89 3 8
30 25 33
98 77 58
35 62 96
23 18 25
64 64 89
21 76 87
100 82 31
80 33 60
50 94 52
94 10 49
84 98 62
28 7 51
78 39 87
24 92 99
84 15 94
27 100 82
97 11 9
55 17 89
30 15 91
83 79 80
28 52 50
92 67 55
96 38 22
5 81 37
17 56 42
55 85 4
73 83 81
58 35 36
64 9 30
54 7 68
84 48 24
27 12 95
67 66 16
2 69 36
13 47 84
98 24 98
64 50 45
2 52 31
18 28 40
59 21 49
78 1 35
60 78 46
66 4 45
94 50 63
55 44 25
51 81 69
57 60 78
27 95 25
61 43 73
60 8 85
23 11 28
100 31 24
38 57 5
41 38 94
87 90 47
48 70 25
87 90 81
28 73 93
42 46 76
56 64 19
62 37 9
82 22 15
85 45 68
79 27 20
76 38 11
47 47 53
77 90 98
32 18 71
19 9 84
98 2 40
61 34 28
44 33 13
20 77 93
98 20 62
26 59 71
95 73 77
29 51 29
64 14 39
50 16 73
67 77 46
18 19 14
57 67 14
13 20 85
95 62 84
45 68 12
4 1 52
46 69 14
38 18 9
13 48 46
60 11 46
71 1 84
87 40 95
64 15 72
59 97 67
74 63 37
38 71 1
49 77 90
26 38 65
52 7 40
70 61 22
65 3 39
62 5 18
30 28 29
42 58 86
84 55 38
30 90 60
58 48 28
82 4 45
49 25 43
48 61 85
68 87 99
67 90 83
40 83 53
1 7 16
100 85 15
55 41 97
30 65 65
83 76 8
89 57 51
2 87 78
