100 100 100
150
62 44 26
65 64 38
97 58 54
64 80 63
51 72 70
70 99 61
36 89 26
29 97 97
70 37 34
56 7 21
63 62 47
56 66 40
83 41 52
96 11 96
46 81 74
54 53 90
75 3 98
1 40 2
14 10 84
96 1 19
88 3 82
62 38 34
19 45 46
42 95 91
34 35 59
85 50 21
89 86 9
26 16 96
24 44 92
25 69 25
29 97 52
47 28 23
13 79 90
68 85 81
62 61 11
81 94 75
71 18 66
56 51 97
57 62 94
98 28 25
55 46 61
68 38 28
85 84 2
57 54 15
79 91 21
72 98 91
68 100 8
59 12 13
28 83 9
72 18 53
43 36 73
8 93 83
47 34 41
82 88 49
76 36 53
28 28 96
12 83 52
11 58 72
58 97 68
82 21 57
67 88 79
28 7 96
90 35 22
74 79 29
39 11 7
30 38 95
2 91 91
43 98 36
96 21 14
76 11 45
12 5 65
24 77 43
37 36 99
71 45 84
97 52 35
100 19 10
23 68 81
51 29 69
31 91 91
56 75 73
54 68 35
89 82 80
93 21 55
94 29 87
62 59 14
12 37 2
65 47 76
93 31 97
81 18 74
69 27 88
56 42 47
83 25 48
12 69 86
64 25 20
7 75 33
80 29 34
87 6 8
33 60 99
41 29 39
39 32 93
55 75 3
97 52 34
46 26 8
31 98 18
68 24 93
47 56 74
99 55 7
1 49 72
16 84 76
3 27 67
28 75 29
45 26 54
56 32 19
79 37 37
56 80 47
100 52 20
57 61 73
2 36 13
15 80 36
12 58 99
69 85 99
28 78 91
58 27 59
83 11 76
68 15 19
98 6 94
91 65 72
79 97 74
2 60 38
30 67 74
8 92 38
23 72 66
29 77 95
26 61 42
35 24 53
34 97 100
29 8 95
27 86 57
28 50 41
52 59 41
86 83 70
15 1 55
71 79 40
34 9 69
6 1 78
3 95 86
4 81 48
80 3 1
59 22 18
23 6 71
