100 100 100
150
32 45 49
77 71 95
92 67 61
72 78 68
62 36 80
14 14 61
55 49 24
34 80 34
93 34 57
49 29 34
89 71 62
33 81 5
14 33 27
8 50 32
4 6 97
79 11 55
17 80 93
89 3 19
4 10 98
37 44 35
86 100 52
43 80 51
18 54 49
2 46 8
9 40 89
42 13 33
47 54 16
23 2 24
83 28 78
10 88 89
27 70 22
43 30 39
92 47 85
64 3 90
9 5 34
94 65 12
89 55 100
81 70 81
15 31 37
3 95 50
73 95 7
9 20 4
91 80 16
37 69 80
21 20 47
16 97 99
86 88 6
16 58 90
27 4 28
60 4 73
57 21 95
25 72 12
49 31 59
58 94 10
34 65 63
52 70 37
2 32 70
63 80 57
53 38 7
11 88 97
49 29 81
28 1 96
60 55 29
47 38 73
66 76 29
11 5 43
41 31 86
83 45 92
75 13 89
44 54 90
47 58 44
41 23 39
7 21 6
99 39 56
88 61 98
96 6 50
42 77 83
76 64 62
2 40 10
53 41 10
32 24 93
77 32 37
47 38 54
46 19 79
36 75 32
77 55 30
92 51 22
57 38 2
71 39 73
29 89 8
51 94 86
83 75 80
90 94 5
48 72 69
89 59 56
64 64 66
98 23 67
33 3 28
12 98 45
79 15 93
50 67 77
97 22 6
73 26 70
15 77 75
63 40 68
100 38 22
22 12 86
85 83 4
31 53 78
92 26 87
39 84 43
86 84 95
46 45 54
64 11 37
66 93 33
97 54 89
67 54 31
67 55 18
18 13 79
65 4 51
20 70 13
20 17 36
1 40 45
8 26 84
11 16 2
59 40 38
86 6 3
31 55 34
1 12 37
43 74 27
50 80 36
31 90 15
75 73 62
11 63 99
85 44 67
87 51 93
47 17 61
19 69 70
6 74 92
57 6 98
57 80 40
12 11 28
1 28 26
66 12 21
13 70 40
100 50 22
79 50 30
28 29 93
30 34 84
43 24 63
