100 100 100
150
31 23 21
5 44 5
10 72 93
22 38 2
68 5 88
50 90 72
6 27 3
24 31 7
73 15 90
49 33 16
93 77 66
33 72 89
92 89 21
25 32 8
97 14 99
26 32 5
25 30 40
14 34 20
4 33 44
33 29 46
49 18 8
82 85 30
17 37 44
11 20 11
67 31 78
77 87 41
50 7 8
97 96 27
58 91 79
23 5 48
9 31 35
36 39 14
33 9 8
46 33 8
31 73 75
22 42 38
44 28 6
3 39 49
43 4 38
7 11 48
96 68 54
72 99 5
38 14 39
77 43 82
31 18 31
9 5 20
99 97 49
89 79 29
12 49 7
92 66 5
87 19 76
29 85 82
26 17 32
73 72 83
5 74 74
72 66 43
75 6 92
7 19 30
14 38 4
92 9 77
85 68 83
33 11 14
55 63 76
67 36 92
12 16 9
41 30 16
19 33 43
46 43 12
25 15 22
48 3 22
60 86 91
70 69 93
41 43 25
46 40 42
7 9 31
35 35 37
72 64 76
45 47 25
90 69 28
36 48 14
3 1 42
5 12 44
21 3 26
67 74 19
43 30 38
21 30 45
25 38 35
10 87 90
26 46 5
45 99 68
40 41 36
18 47 42
14 10 20
10 36 21
78 34 89
90 84 6
44 83 82
3 8 22
5 48 29
43 26 39
41 35 36
9 11 13
95 71 23
22 28 24
52 62 74
10 26 34
92 69 2
58 100 76
92 85 20
20 29 8
67 53 50
20 6 29
86 16 67
45 40 34
27 19 43
21 45 10
13 25 8
26 14 3
21 32 19
16 41 3
36 6 28
47 42 37
82 94 17
88 8 89
22 27 4
49 25 24
45 26 25
47 11 44
67 88 25
9 13 45
44 14 19
10 81 97
13 30 21
28 96 75
50 82 68
12 18 11
15 11 29
28 43 50
7 15 25
46 29 17
8 13 10
42 27 30
5 81 86
1 19 27
2 47 29
23 26 20
26 38 12
4 27 47
91 77 31
2 42 24
