100 100 100
150
67 76 42
49 34 23
31 27 22
49 43 11
12 23 10
38 14 20
30 29 43
98 94 93
9 45 21
51 84 64
17 15 30
1 18 19
6 37 30
37 45 11
95 89 50
46 25 21
92 91 12
13 48 26
44 22 48
46 6 25
90 94 86
15 82 94
76 68 68
42 81 96
14 29 11
46 7 2
4 35 50
39 33 7
18 24 47
5 13 24
98 4 89
88 73 27
20 73 74
48 24 11
8 7 27
20 5 14
24 46 49
94 92 3
41 48 38
27 28 35
22 93 80
27 11 29
30 91 88
91 87 26
39 2 36
97 34 76
45 33 24
19 48 16
38 2 43
42 29 22
84 41 82
4 73 86
36 33 10
80 83 62
3 10 26
66 59 69
45 44 41
35 34 50
6 20 38
47 8 48
91 100 16
98 72 2
55 98 96
42 66 83
67 20 83
22 44 6
9 23 40
83 51 55
73 91 67
18 25 33
17 20 46
47 48 47
39 25 34
6 34 18
90 47 66
92 77 75
82 79 27
50 5 31
5 40 2
21 74 98
98 65 99
21 29 28
8 49 40
24 43 35
7 38 48
40 27 3
43 7 9
48 40 31
69 75 45
17 1 4
6 30 13
32 45 2
30 40 41
71 91 21
33 30 44
89 77 45
15 35 3
31 45 19
42 9 11
72 28 68
7 34 13
66 6 78
25 28 14
32 70 76
86 4 94
26 11 10
2 32 24
96 89 22
36 3 48
76 94 79
27 84 86
49 49 14
91 82 31
97 94 100
2 22 28
15 27 20
19 13 35
78 17 69
48 26 36
86 16 91
71 14 75
47 46 7
45 48 25
96 68 26
40 35 33
25 28 45
70 5 84
40 16 30
41 33 41
10 36 26
32 2 13
49 46 45
93 3 71
9 11 38
78 6 97
17 18 42
90 67 32
11 17 32
15 41 16
28 35 48
81 89 70
20 24 6
32 42 17
31 20 18
70 32 88
44 25 26
37 29 10
3 22 6
14 47 48
4 93 74
