100 100 100
150
31 75 69
9 36 11
19 41 32
37 49 49
12 23 24
85 81 26
2 49 45
73 8 83
49 29 41
40 7 27
31 33 32
67 76 3
48 33 10
78 93 9
7 4 24
22 3 35
86 88 48
25 34 36
8 96 88
46 83 72
45 5 35
29 84 99
69 82 82
8 21 28
24 23 45
38 25 36
10 27 46
90 65 72
67 10 83
25 23 22
7 28 25
15 46 11
16 21 24
98 63 97
40 49 19
28 39 14
14 46 45
26 4 33
9 30 14
3 30 25
28 66 85
35 25 45
38 33 42
11 39 12
9 32 22
92 10 76
45 5 20
41 22 22
91 22 99
6 19 48
48 15 3
20 19 21
70 1 91
76 65 73
72 18 83
5 48 1
54 88 70
15 20 4
8 8 2
31 26 48
29 42 8
39 76 83
98 87 93
6 5 23
58 92 60
66 78 20
41 33 4
72 37 72
26 16 5
77 81 7
25 22 10
31 28 45
7 3 26
24 10 10
97 83 72
26 8 40
82 85 29
30 80 96
37 6 30
35 80 80
40 36 25
23 13 32
44 13 32
10 23 9
5 14 22
91 69 95
72 54 88
67 26 82
77 78 37
47 66 76
26 8 29
14 41 4
83 24 69
10 20 31
31 28 32
16 48 15
47 1 17
5 1 11
16 15 27
42 44 23
74 36 67
60 90 95
98 48 71
34 7 49
97 22 82
71 67 32
66 40 73
37 80 73
50 3 18
92 3 76
43 46 46
35 21 50
14 67 74
57 83 76
36 24 32
80 64 89
25 41 7
73 61 74
82 4 79
17 50 36
38 30 22
25 30 17
43 48 11
27 33 14
74 69 9
88 36 69
31 19 30
53 76 63
83 72 31
44 4 44
32 22 45
37 40 17
16 27 48
97 90 50
12 26 4
35 28 20
3 75 82
43 39 26
19 13 42
44 19 10
39 17 20
50 77 84
20 26 47
79 20 91
2 8 49
38 15 26
43 5 34
74 44 91
8 7 50
2 17 38
