100 100 100
150
34 83 78
69 31 80
75 37 92
1 11 43
12 97 74
5 86 88
77 93 92
60 74 53
76 79 8
32 32 39
17 43 7
32 14 18
25 28 50
12 13 7
48 97 100
21 25 14
6 27 7
37 37 5
13 48 5
88 93 61
42 39 11
15 5 1
68 74 39
6 21 44
42 18 39
45 22 32
23 91 80
90 45 78
16 98 97
30 40 49
6 26 16
41 2 5
46 36 39
1 36 47
48 17 7
98 88 39
77 57 90
46 18 18
66 9 83
50 48 1
39 31 36
9 17 38
37 3 46
46 34 1
38 47 10
88 62 97
75 27 73
14 33 14
41 44 20
69 10 78
68 79 7
12 44 37
72 86 39
46 36 12
77 25 79
100 39 90
7 31 3
26 22 29
1 29 1
28 42 37
35 48 46
46 75 75
29 28 20
22 88 98
17 23 20
20 45 25
12 32 14
52 73 90
26 18 37
47 95 81
24 4 44
13 13 25
89 87 26
5 33 31
38 22 34
18 97 80
89 92 29
14 4 38
1 29 33
98 81 27
24 22 7
42 15 19
14 24 41
88 92 55
18 49 7
26 1 20
18 43 24
75 32 87
72 1 75
90 82 71
11 22 19
92 82 95
13 39 37
55 72 93
25 68 76
18 6 25
49 50 28
8 43 49
89 68 26
88 60 79
6 34 25
16 22 46
67 14 95
67 35 78
67 94 9
93 17 99
99 18 100
21 45 10
17 15 15
45 28 43
41 22 38
49 82 75
6 7 25
86 69 1
42 30 18
10 36 41
36 6 3
45 31 22
95 95 16
69 8 95
41 3 19
77 66 48
83 34 68
99 69 17
97 2 66
50 48 1
96 11 99
40 95 72
98 44 70
26 71 82
19 33 22
82 74 57
18 78 71
25 5 6
23 43 33
67 91 30
77 66 24
92 66 3
30 10 6
43 8 2
19 22 29
27 91 93
34 40 12
20 20 4
3 16 20
60 96 91
86 19 97
43 10 32
14 18 18
3 41 3
