100 100 100
150
71 38 76
20 23 28
34 36 43
16 24 38
73 90 45
99 13 79
47 44 32
15 9 30
2 8 24
25 81 80
2 4 31
6 21 32
49 22 41
30 4 8
36 37 7
52 91 67
22 25 13
78 37 86
97 29 91
21 5 6
38 66 90
50 42 35
13 33 9
5 24 11
9 12 36
3 20 27
80 76 21
74 98 2
3 25 40
92 8 83
2 23 6
78 9 82
79 91 50
89 100 42
59 94 75
77 30 98
53 97 96
17 33 50
42 35 21
81 82 28
96 86 54
34 10 28
35 24 49
32 28 41
84 81 88
28 15 24
46 50 7
94 93 89
3 17 2
3 48 29
31 10 14
70 69 60
11 22 41
72 70 9
4 29 13
48 31 18
6 19 46
79 80 3
45 89 89
22 9 23
88 84 97
67 25 89
32 19 15
39 42 2
44 1 25
95 55 55
32 30 25
8 26 26
79 94 20
21 10 26
24 35 31
46 75 83
75 100 29
33 3 49
29 4 37
9 7 41
51 92 95
47 32 44
94 84 50
32 13 31
9 7 40
70 18 90
35 34 47
39 40 40
30 33 41
27 14 32
14 44 42
94 91 46
66 3 92
85 62 52
45 37 12
72 30 69
82 73 44
11 35 4
20 15 11
21 15 36
2 46 38
12 68 73
75 2 82
37 67 90
12 35 46
90 82 36
20 96 73
93 77 60
71 67 15
49 38 25
11 99 68
79 66 62
68 28 73
34 4 11
38 49 31
14 4 41
49 28 12
26 89 70
96 92 5
2 6 29
78 95 2
30 14 7
31 47 41
22 17 5
43 25 15
30 9 26
44 23 2
28 36 17
27 12 14
69 89 16
2 2 39
11 13 39
91 50 91
94 87 39
7 98 70
40 79 70
23 22 3
22 34 11
33 9 9
30 1 39
32 35 47
22 34 27
42 8 23
71 83 45
2 28 39
17 25 39
49 5 26
28 91 91
5 25 40
90 42 99
100 36 72
36 27 1
98 30 97
96 67 95
