100 100 100
150
92 11 85
25 18 35
42 34 48
57 82 62
11 29 5
14 48 36
46 97 75
30 35 39
79 23 91
95 31 77
38 14 8
31 29 47
26 17 29
47 69 88
27 28 21
84 18 80
37 24 22
93 100 40
22 11 18
33 83 81
35 10 16
36 30 20
27 33 32
3 24 25
27 7 32
80 94 23
46 37 10
11 67 69
39 33 7
37 25 48
1 19 47
91 15 91
11 13 20
8 41 36
95 78 34
44 24 38
99 72 8
79 49 90
9 12 50
70 90 4
14 48 45
6 2 21
36 42 1
77 23 80
70 83 39
19 19 24
44 67 92
9 72 66
18 39 35
81 67 19
77 80 86
80 93 22
8 7 46
62 68 65
37 34 39
18 87 77
4 6 36
68 25 83
38 20 48
19 25 12
97 72 50
94 29 81
72 81 65
7 10 17
20 30 31
49 10 34
5 29 35
28 21 28
74 19 70
46 29 10
93 15 67
30 30 40
85 75 53
87 96 20
19 82 67
1 31 43
80 15 73
100 99 70
30 26 38
30 36 38
87 96 81
29 20 44
5 45 4
78 100 31
83 16 66
29 84 93
11 96 83
67 84 11
48 86 75
5 18 43
87 87 52
2 100 92
10 18 2
12 20 15
12 10 50
23 21 44
4 45 49
15 30 26
43 18 21
33 44 25
21 80 66
23 31 29
31 47 47
20 42 24
76 16 87
46 88 69
36 89 95
36 50 13
2 40 10
82 57 56
76 25 93
28 20 11
41 46 48
37 38 18
69 41 83
47 27 20
11 37 48
100 64 90
49 18 15
22 25 37
46 48 10
9 50 7
84 84 49
74 74 61
30 25 18
49 21 28
37 74 91
33 47 20
36 85 90
43 29 37
44 2 27
16 49 14
25 18 29
20 94 80
44 91 81
4 12 47
21 43 19
36 31 4
5 5 37
38 37 37
72 68 48
51 59 86
11 19 43
37 19 29
6 35 11
27 75 99
78 75 50
30 41 17
29 41 5
4 40 32
