100 100 100
150
89 93 38
29 95 88
49 83 67
85 56 100
72 47 83
18 30 22
97 74 19
82 12 67
5 37 7
73 5 98
90 98 77
5 38 11
87 9 90
15 33 9
17 20 38
10 74 73
83 72 30
19 42 6
71 99 24
66 72 45
64 85 86
23 17 4
98 75 75
50 27 42
72 75 96
18 15 18
8 5 48
67 47 93
24 42 25
41 43 24
49 16 37
23 22 43
92 97 34
36 18 31
24 97 73
48 91 99
44 82 87
10 89 69
25 40 26
83 54 68
24 7 25
31 43 13
34 13 6
91 97 20
25 97 98
77 22 70
45 45 46
29 10 44
32 12 15
50 25 10
12 3 25
38 100 91
4 41 48
91 87 80
21 40 16
41 14 35
68 44 97
1 28 2
32 40 46
83 70 52
75 77 12
15 74 95
64 54 82
24 29 33
93 60 76
14 16 38
99 79 52
74 17 78
30 22 33
20 47 45
21 46 2
13 12 21
23 39 30
40 46 40
10 19 40
63 54 63
88 76 27
14 41 7
45 73 77
29 71 89
30 28 5
72 76 30
26 7 12
18 9 21
97 80 10
32 35 5
7 49 31
24 8 25
2 10 15
7 15 46
96 18 90
48 89 67
34 32 11
12 72 70
7 4 38
26 30 5
100 88 9
88 93 82
4 37 19
50 55 73
27 36 35
92 79 64
39 14 40
32 96 89
80 12 88
40 29 20
68 10 86
19 2 16
68 83 8
9 3 46
70 100 16
43 35 32
36 17 35
47 38 27
18 48 30
39 47 10
68 51 95
67 74 62
20 40 40
25 34 22
68 54 97
35 38 37
43 48 43
29 79 75
32 37 21
25 32 41
23 37 46
58 85 51
7 11 11
26 20 34
32 12 5
84 83 94
28 15 8
19 43 20
4 42 14
27 79 91
94 100 42
89 75 88
17 3 4
36 27 30
83 37 78
2 26 12
26 34 7
45 20 18
56 68 83
42 79 75
80 92 22
25 8 36
36 1 24
2 15 46
