100 100 100
150
42 66 80
34 5 50
7 31 7
72 97 23
12 16 28
23 13 11
39 12 12
53 89 80
30 67 74
73 93 35
69 80 7
30 44 26
98 51 68
34 23 9
6 11 2
7 9 34
20 21 39
31 43 23
31 26 29
8 30 15
75 71 19
7 5 39
88 75 25
73 97 8
12 46 23
25 14 14
21 26 37
32 31 30
70 75 44
94 10 94
61 85 96
1 28 39
24 42 49
99 58 76
32 47 11
5 17 39
15 41 33
30 28 2
42 17 5
38 22 5
37 87 81
85 35 94
68 81 8
36 14 9
4 7 18
60 90 79
85 17 76
2 19 36
97 74 48
91 60 55
2 2 31
28 40 9
49 93 71
10 28 46
4 45 44
13 5 44
1 31 19
10 28 27
25 11 43
80 73 35
96 88 50
24 73 87
41 38 44
40 47 48
25 37 40
28 98 98
91 26 81
91 86 66
32 22 15
45 18 29
20 26 38
47 72 98
40 48 32
21 19 9
89 67 70
34 98 99
83 95 27
83 95 12
9 21 45
72 84 1
14 14 39
16 23 17
46 18 19
75 95 94
100 70 45
84 45 68
69 1 92
19 14 38
9 13 48
10 11 46
1 89 67
45 14 15
69 47 67
74 71 52
1 89 97
26 38 15
87 40 100
22 85 68
12 5 18
28 29 42
36 34 5
30 40 10
48 28 32
79 93 71
73 81 35
37 49 17
33 40 33
66 82 16
35 15 5
47 80 70
33 26 8
7 1 2
28 37 21
8 37 35
26 4 16
34 16 1
34 18 43
91 100 10
68 93 12
97 42 71
1 45 3
69 82 18
73 36 88
6 15 21
70 50 73
50 44 5
8 29 50
71 79 35
27 18 20
8 87 87
21 23 32
19 38 47
85 86 34
15 23 24
17 9 41
49 35 14
48 8 14
17 81 85
28 50 18
35 16 22
43 42 17
43 24 47
40 48 22
6 20 4
92 2 87
4 9 7
89 63 95
74 24 99
92 14 82
3 39 11
