100 100 100
150
84 26 90
65 87 53
95 74 50
22 70 100
11 36 39
29 47 47
37 34 6
21 13 12
6 16 40
86 77 46
46 81 66
70 75 64
3 48 1
2 14 10
70 59 93
3 32 12
34 19 45
42 45 41
68 88 77
21 39 36
26 16 46
51 87 54
25 29 47
87 28 88
79 90 18
31 12 11
31 99 95
18 81 96
47 87 82
80 66 68
46 11 18
28 35 34
92 4 90
41 21 22
41 18 50
9 12 13
33 9 22
3 43 36
73 88 33
34 41 32
49 26 36
68 93 46
78 2 66
22 8 47
32 21 7
38 29 28
46 40 35
94 29 79
11 7 30
45 2 41
43 98 86
21 14 26
45 97 90
24 27 43
36 49 21
34 47 2
50 19 10
68 86 1
19 31 41
6 75 88
75 63 64
80 43 66
44 29 37
79 14 77
2 15 47
43 31 47
18 94 69
38 6 42
33 25 48
74 36 79
20 7 25
80 74 34
6 8 33
49 41 29
39 32 43
25 3 47
79 46 66
31 48 18
24 43 47
24 49 5
1 49 22
34 26 3
17 28 25
45 26 4
32 19 29
37 6 30
50 2 20
11 23 2
13 15 30
12 8 49
35 49 28
41 8 27
33 11 26
15 19 48
44 41 15
84 47 94
75 38 85
24 8 42
23 22 16
27 45 26
42 100 89
74 77 50
8 45 27
7 28 50
2 89 91
33 20 15
5 96 69
34 9 19
1 28 3
36 4 31
30 3 1
22 18 23
21 8 8
18 37 44
35 9 3
28 36 41
44 32 40
79 100 45
94 83 37
28 1 39
88 67 49
42 17 46
44 23 34
85 40 93
37 10 28
24 5 18
79 85 5
47 99 80
48 22 26
93 68 31
87 78 8
46 7 12
33 8 11
14 2 29
27 23 17
59 58 99
38 17 37
32 22 31
40 46 35
31 76 80
24 46 25
70 70 33
3 13 38
14 21 43
92 73 22
19 48 13
80 78 63
14 81 66
1 24 11
3 14 25
