100 100 100
150
70 49 87
45 82 97
22 68 78
86 30 69
64 89 71
86 76 94
74 77 49
34 39 21
73 31 80
60 92 60
32 4 6
29 11 5
30 43 39
79 84 10
37 44 35
50 2 43
1 18 4
2 46 8
40 39 42
73 72 4
23 2 24
83 83 10
39 27 20
88 30 74
72 35 94
95 89 5
99 75 52
5 50 31
31 15 31
3 45 50
70 67 9
4 41 30
37 19 30
20 92 66
49 36 38
16 8 40
4 28 10
57 100 97
25 22 12
31 9 8
89 98 81
97 100 37
77 20 88
7 3 38
11 38 47
29 31 28
46 95 95
47 38 23
26 29 11
43 41 31
33 45 42
13 39 44
57 61 60
77 90 98
21 6 49
6 38 11
46 6 50
92 33 86
92 81 54
3 41 10
69 43 72
72 47 93
63 99 54
25 32 27
30 42 1
97 38 72
39 78 79
8 1 44
33 25 30
44 5 48
79 39 79
14 14 16
23 17 33
83 67 48
29 15 43
17 27 47
86 23 71
15 27 25
80 88 50
22 22 12
35 33 4
3 98 82
37 39 34
66 79 45
45 4 14
37 86 78
67 84 39
4 31 17
18 18 13
15 4 1
20 13 20
36 1 40
8 26 34
16 72 74
38 36 6
86 75 34
12 87 83
67 91 62
31 40 15
23 12 11
74 75 44
37 1 43
17 11 19
20 6 24
82 6 93
30 40 12
28 86 73
16 12 21
80 95 50
22 29 50
28 29 43
34 34 43
71 61 54
29 36 2
68 15 66
21 7 30
87 72 38
78 34 84
27 6 11
30 7 23
86 42 79
19 6 27
44 86 69
7 16 24
38 23 30
74 77 32
29 12 9
17 33 48
18 29 35
25 45 27
81 42 72
87 67 28
35 4 37
97 92 33
78 100 46
44 8 33
27 23 9
70 60 62
3 45 49
75 72 7
4 1 36
28 25 20
17 27 3
23 21 31
10 76 88
31 36 20
20 12 38
8 5 39
77 67 29
66 91 97
