100 100 100
200
66 77 42
52 83 69
94 67 100
97 94 15
2 78 89
31 35 33
56 64 67
75 75 70
36 42 44
69 75 41
83 55 54
77 60 69
57 86 94
89 98 69
10 95 91
82 61 50
78 98 63
69 80 52
97 75 62
72 6 78
40 37 5
85 53 54
36 32 41
8 35 4
34 48 35
86 73 64
74 89 86
58 67 55
67 76 72
100 28 66
74 65 56
3 18 1
51 83 83
53 57 100
73 81 67
74 59 94
53 87 82
10 97 98
88 82 65
99 53 90
7 13 22
68 95 70
62 89 59
30 42 41
80 52 56
58 65 64
94 84 94
76 35 74
19 72 77
71 62 52
80 73 29
99 95 75
65 74 76
2 96 66
89 54 58
99 95 76
29 75 68
40 99 77
77 94 89
24 26 33
5 88 66
16 38 43
15 46 40
52 74 58
82 60 66
55 90 80
74 96 50
90 52 82
26 86 87
19 12 3
66 97 12
73 64 68
14 50 28
50 92 81
67 55 83
57 88 74
45 48 11
26 38 44
96 29 83
100 68 13
69 91 62
67 73 54
2 94 93
57 54 94
71 72 9
58 82 55
99 61 79
79 16 90
71 39 96
53 97 83
41 8 25
72 16 86
73 61 68
97 49 76
76 98 37
69 63 58
78 86 91
72 92 97
30 39 34
88 60 68
96 30 84
68 77 91
91 66 50
90 1 83
82 100 19
93 95 66
92 76 63
43 91 72
79 75 55
71 89 95
77 92 26
35 5 2
62 73 91
22 76 77
44 70 86
85 54 69
71 64 91
88 96 20
98 92 22
56 80 67
54 75 56
85 86 38
94 40 78
85 57 95
82 84 89
75 90 58
74 79 73
79 92 66
84 57 76
20 36 34
85 75 53
81 78 79
48 21 28
96 59 89
65 91 91
82 71 4
52 92 54
76 92 41
65 94 91
66 8 73
79 66 78
57 55 87
70 86 66
71 93 72
77 93 79
96 13 67
59 75 70
63 83 65
83 50 84
80 99 49
80 83 83
86 84 67
92 91 25
26 5 36
38 19 33
66 77 3
55 96 91
93 83 15
84 93 58
80 97 76
61 98 59
31 46 36
65 100 71
98 68 56
81 68 11
89 61 82
94 10 89
10 96 71
86 18 83
67 98 58
73 77 6
99 90 93
100 56 100
55 66 62
61 93 92
73 28 99
50 64 90
84 48 78
27 11 23
93 76 67
53 66 84
50 95 58
60 81 58
62 85 64
6 78 99
24 77 70
40 12 41
84 84 67
84 60 50
71 76 48
60 64 53
80 55 98
80 79 73
6 32 10
79 57 85
88 65 93
55 74 73
55 66 96
75 69 41
92 80 50
