100 100 100
200
53 76 68
66 9 100
96 68 76
6 24 22
99 61 70
83 89 89
64 98 84
58 90 60
51 80 74
71 68 99
4 70 68
65 83 91
7 4 29
57 51 81
83 45 79
98 97 89
97 60 70
58 62 60
92 27 66
99 84 77
73 81 74
80 52 74
80 88 39
59 94 69
43 48 46
15 48 35
83 84 82
30 42 34
60 81 53
70 90 57
87 66 22
88 29 89
83 69 93
53 60 89
96 77 96
91 100 92
72 68 52
66 5 87
10 9 39
81 64 85
98 44 80
67 80 55
87 22 98
51 60 59
61 64 71
90 58 63
93 84 39
52 58 82
63 84 61
73 79 63
77 75 30
85 97 64
21 38 17
42 97 96
16 96 98
10 99 82
61 77 56
100 69 62
29 80 72
34 93 84
82 64 96
71 52 96
42 5 29
56 69 61
60 90 90
62 88 61
74 53 86
90 100 73
87 99 91
98 68 86
55 95 65
76 73 26
12 32 39
80 88 69
33 50 27
68 72 9
83 84 77
60 94 89
60 63 53
89 86 66
25 81 79
71 66 69
73 82 82
85 74 16
95 56 51
100 68 6
89 52 56
79 60 79
79 95 52
63 62 87
5 45 50
66 85 92
78 59 73
54 61 100
97 66 71
60 91 78
76 85 56
58 87 65
69 67 63
50 96 51
63 79 89
83 72 91
86 64 68
97 71 96
18 70 87
72 83 82
87 65 99
51 97 82
56 68 64
93 98 43
71 73 70
71 80 35
95 67 79
91 65 72
21 88 89
58 56 95
94 74 2
51 62 55
25 66 79
18 77 87
73 74 35
42 15 8
79 97 89
67 61 55
75 76 55
84 64 64
36 97 77
84 94 58
60 85 55
85 55 79
55 64 60
87 75 40
23 89 96
68 84 55
68 99 80
85 80 100
91 82 56
42 28 23
61 84 77
23 14 21
70 89 98
19 11 17
70 91 88
32 92 82
87 75 38
87 12 88
93 50 67
22 95 96
60 60 74
94 91 71
71 53 78
53 97 58
40 95 71
82 66 72
77 76 85
76 16 72
88 56 83
95 97 89
45 45 3
97 84 79
83 70 66
73 44 86
100 71 77
71 50 96
83 5 90
75 1 82
78 90 56
73 94 97
27 77 78
95 63 69
75 96 78
86 84 61
59 88 51
64 87 88
8 84 96
94 81 71
86 46 99
76 72 85
90 83 80
91 67 59
94 61 100
15 69 87
91 29 88
88 67 35
74 62 57
92 10 92
73 68 66
81 59 63
11 38 6
76 96 66
11 3 13
55 82 76
77 92 86
99 79 8
74 57 86
78 68 53
37 32 24
58 72 61
50 79 68
86 72 82
