100 100 100
200
98 70 92
94 53 84
86 59 80
42 90 70
3 8 5
98 78 92
95 26 79
98 60 57
67 97 57
70 94 2
18 46 25
95 86 71
49 85 89
57 96 57
57 79 51
55 85 57
88 82 75
91 66 98
93 59 64
53 79 95
36 97 94
86 30 76
1 98 88
62 89 50
66 82 30
5 16 19
47 74 96
78 94 69
80 78 6
97 55 96
90 64 54
76 93 76
75 16 81
27 43 46
89 40 76
87 61 76
80 76 62
57 77 70
70 69 57
82 83 70
79 22 97
80 88 96
69 52 54
59 74 68
86 70 81
95 53 98
48 18 35
91 85 65
64 65 74
100 72 82
61 59 79
99 28 99
5 66 86
57 55 63
50 29 25
36 25 32
68 86 14
85 97 86
66 88 11
73 93 19
97 15 95
65 98 63
20 35 33
76 20 77
91 52 58
59 98 86
68 71 63
88 99 70
52 53 89
98 32 93
79 57 75
48 75 84
90 51 85
87 63 71
71 97 58
76 70 49
64 60 87
62 70 79
83 99 100
72 67 82
87 90 61
67 90 95
23 69 94
86 69 40
50 56 83
27 87 85
100 74 14
98 90 24
75 89 53
99 51 64
90 88 16
92 57 67
43 93 67
93 88 79
57 67 91
66 92 95
98 57 64
82 82 28
95 51 59
17 69 89
12 29 38
44 91 68
68 89 33
60 61 65
86 73 25
76 88 59
77 61 95
55 67 61
70 52 95
4 91 68
73 59 51
80 82 23
94 67 50
32 96 66
76 71 91
87 99 94
10 2 24
88 84 5
19 39 45
90 60 60
86 70 98
18 1 18
72 87 74
94 40 91
58 83 66
76 96 6
65 71 96
100 50 56
79 51 73
79 96 59
15 17 6
10 77 74
100 81 84
54 71 63
5 37 13
87 55 53
66 9 78
66 66 82
18 32 21
39 48 31
30 89 86
68 98 27
94 1 72
100 97 5
51 75 58
94 2 66
50 65 89
93 92 52
98 99 89
70 44 88
85 52 65
79 9 78
70 70 93
76 93 47
94 58 85
54 92 58
98 92 93
51 66 63
66 81 25
85 99 73
90 11 94
73 51 97
23 47 23
50 92 57
91 3 82
99 55 82
91 77 50
67 54 78
45 91 70
50 89 65
43 98 90
63 58 98
93 77 60
50 74 70
46 31 38
95 10 77
89 10 88
50 75 95
41 73 67
90 85 29
58 83 91
43 86 85
73 99 94
80 94 9
29 37 35
74 40 90
95 84 85
97 58 87
76 81 100
70 90 87
84 67 11
69 17 89
86 100 57
31 42 10
84 82 63
96 100 32
49 42 8
56 72 55
91 78 70
96 7 87
