100 100 100
200
84 17 89
86 100 74
12 4 34
81 70 68
65 54 83
68 86 89
14 49 7
40 75 92
75 54 66
88 95 50
97 79 69
63 85 74
96 85 49
83 76 20
75 75 80
80 83 90
74 67 62
38 12 22
36 1 10
71 60 83
85 90 54
2 66 86
57 76 64
95 36 70
94 37 71
14 83 68
62 57 85
74 69 59
94 11 80
53 92 95
56 87 53
92 68 63
69 66 88
53 86 92
78 66 96
50 88 85
57 66 92
68 92 53
53 83 76
92 61 100
62 59 62
65 55 72
52 91 74
65 92 99
29 50 27
82 66 55
75 55 99
77 50 79
93 86 60
100 99 15
77 76 77
1 93 77
74 72 79
61 98 52
33 34 1
69 75 54
55 75 63
81 96 58
86 86 65
95 9 73
92 69 64
95 79 87
93 94 59
87 67 76
26 36 37
62 56 93
63 98 75
59 71 57
56 58 95
73 65 68
83 90 89
70 74 65
51 81 94
6 75 84
81 67 15
97 61 67
56 95 76
61 64 78
51 76 66
64 67 74
53 63 59
91 74 22
89 99 88
63 68 50
88 66 89
96 90 50
97 87 80
71 83 37
98 84 82
23 40 45
70 37 88
96 96 96
16 18 28
60 88 95
73 22 69
87 69 54
8 47 9
97 36 91
66 56 95
54 82 64
57 55 75
47 17 49
19 85 97
81 100 94
76 73 70
81 95 40
88 96 77
70 65 98
89 91 40
68 68 79
53 92 56
68 84 92
100 86 85
57 72 76
85 89 74
65 69 69
23 89 85
75 18 89
77 59 56
97 90 52
68 91 64
75 99 50
95 70 29
50 86 72
32 49 20
100 70 79
69 68 45
94 58 98
36 35 15
63 97 64
87 87 89
82 92 78
77 85 56
76 82 35
91 72 42
64 62 58
78 53 94
85 87 65
31 29 37
88 70 56
94 60 74
57 86 88
93 85 19
85 82 63
77 56 89
23 70 78
91 79 83
90 73 17
15 99 93
66 97 100
50 66 78
90 53 96
79 14 82
80 32 72
88 67 88
93 31 96
91 87 69
90 41 82
2 83 91
64 74 71
79 80 12
78 19 90
71 6 77
98 31 69
77 76 77
85 76 81
21 82 88
93 88 93
30 83 91
59 53 97
54 93 76
54 52 77
85 97 72
85 20 89
68 2 85
36 41 28
48 77 84
27 3 1
94 100 51
64 74 62
69 37 69
65 56 78
61 67 53
77 71 98
86 68 53
54 80 62
86 54 50
86 59 80
69 76 75
84 55 88
59 63 85
97 82 47
65 96 93
93 53 76
64 57 91
100 60 98
72 91 16
12 4 38
67 55 50
51 95 57
