100 100 100
200
81 87 32
90 98 15
21 83 70
58 70 55
97 45 86
89 84 42
67 92 55
69 80 83
82 61 74
79 62 54
96 17 79
56 85 76
91 93 68
31 15 21
29 48 44
53 56 97
84 51 99
83 65 63
86 76 95
40 92 88
72 67 61
67 53 52
65 94 94
4 89 92
80 69 51
100 64 74
94 53 84
94 96 73
65 95 57
21 81 76
72 86 51
35 78 89
18 88 100
69 46 77
81 97 60
8 17 16
59 80 98
24 16 39
71 44 80
50 91 80
42 41 11
51 99 73
85 54 95
68 82 8
92 74 16
84 22 69
66 79 76
98 87 4
70 57 96
55 67 90
94 92 50
52 53 72
65 58 93
90 91 67
70 68 83
93 52 68
89 86 99
76 71 80
68 14 73
67 84 71
25 100 82
98 61 84
85 67 76
54 64 84
58 87 66
66 89 99
82 73 88
72 21 69
61 90 77
98 87 82
60 98 79
82 91 51
62 59 53
99 70 32
78 55 83
74 14 97
9 29 11
87 57 50
75 93 20
1 93 92
86 28 74
68 71 50
58 67 50
53 63 53
74 75 94
92 3 95
70 50 54
59 94 77
95 78 85
25 37 48
56 57 64
73 83 99
100 32 92
48 88 79
54 92 99
58 98 65
81 100 19
50 65 78
100 83 29
50 80 62
92 30 72
98 50 74
87 42 75
50 89 73
83 8 78
67 91 36
73 56 58
41 75 98
54 56 100
93 70 58
85 75 62
54 72 53
34 31 41
61 63 54
95 57 83
67 63 69
100 78 62
75 1 74
53 76 73
80 70 71
100 86 80
62 56 78
61 64 59
70 88 34
74 66 23
86 73 52
73 80 65
99 6 91
87 94 23
85 12 93
100 54 55
83 87 65
55 65 80
15 13 40
91 18 78
95 94 32
65 72 89
54 56 98
89 73 70
83 82 68
51 56 59
57 89 88
81 95 33
94 26 70
51 63 68
74 68 93
57 69 76
100 30 86
50 70 98
95 82 59
15 88 81
15 10 17
76 74 62
74 98 65
98 90 41
66 95 73
66 72 41
62 99 76
54 79 77
69 76 68
5 80 94
12 89 89
60 73 82
81 88 86
84 66 60
98 94 11
94 93 90
94 96 83
81 34 66
93 95 79
53 86 69
34 84 86
38 6 6
34 81 81
50 83 68
88 83 64
55 79 71
50 93 86
60 57 81
91 9 93
47 42 3
72 61 89
48 91 83
71 89 76
71 8 98
69 96 62
17 49 9
74 84 100
61 72 74
49 18 31
58 62 75
16 16 9
71 66 77
86 59 69
21 23 23
93 57 63
91 70 99
49 90 98
5 13 33
25 95 92
