100 100 100
200
79 95 46
94 66 79
86 84 98
85 94 66
93 78 72
49 89 69
84 44 69
93 90 97
42 50 10
50 46 37
25 67 99
75 59 79
95 71 76
89 63 94
85 67 87
39 35 4
28 80 98
78 78 84
83 84 98
57 74 85
73 67 13
60 78 52
48 28 29
86 100 98
4 86 72
97 70 51
50 50 59
64 71 63
89 92 95
91 88 66
89 84 50
91 89 35
50 8 25
53 64 58
83 51 74
78 76 41
87 70 77
44 100 74
69 84 61
60 69 59
5 74 97
62 91 100
43 25 6
20 22 49
98 29 66
81 93 97
82 51 78
74 56 58
99 78 57
83 78 68
59 58 73
53 99 70
83 96 57
14 73 70
64 99 57
90 55 83
71 72 57
24 70 80
95 78 92
93 54 61
31 88 75
77 93 57
27 6 12
87 80 18
66 54 82
24 82 81
77 100 100
53 65 58
30 42 5
73 84 95
87 81 6
93 84 62
30 83 74
72 79 93
81 98 82
86 60 60
94 71 11
92 77 18
90 54 99
97 71 37
50 92 86
69 61 92
77 87 90
95 57 82
61 85 100
57 73 96
95 88 55
54 58 82
93 98 63
86 64 56
94 54 88
51 71 77
67 83 50
95 62 100
70 84 43
79 75 50
68 44 70
22 21 43
18 94 83
70 39 96
81 51 68
75 66 60
92 85 86
95 15 70
88 87 45
89 41 98
59 91 91
50 85 97
97 83 65
77 97 7
39 76 99
98 69 34
66 66 27
92 81 82
73 97 44
96 58 95
86 48 90
9 70 93
26 78 68
87 100 63
82 82 97
77 79 8
96 40 75
66 64 75
65 81 71
99 50 75
90 71 87
46 100 84
67 46 100
2 2 24
89 99 99
83 55 51
57 95 77
78 53 85
75 58 61
70 100 70
78 65 83
19 72 88
72 67 96
83 18 73
58 79 70
94 87 37
80 44 93
73 97 80
51 95 99
81 95 82
98 83 70
79 92 61
64 69 51
17 17 7
86 6 85
2 71 87
21 90 74
62 72 74
2 49 27
20 70 89
50 78 73
32 86 66
53 92 57
73 77 66
91 91 51
88 57 66
83 90 51
21 2 37
92 55 68
35 75 87
96 89 72
24 31 47
70 79 75
77 85 60
53 54 88
85 65 87
79 42 67
62 72 71
98 89 95
60 66 57
82 93 91
76 51 81
53 66 59
86 98 83
71 55 63
80 93 73
69 67 26
98 30 95
90 99 65
59 60 61
68 69 58
63 59 68
54 67 100
60 63 64
79 49 93
97 84 60
11 11 30
70 73 10
40 78 79
94 21 96
68 86 73
56 66 61
2 78 81
61 85 64
