100 100 100
200
63 73 80
85 87 68
53 51 78
88 68 53
1 92 72
78 58 52
100 94 99
91 75 84
97 50 91
43 20 48
80 51 91
93 59 81
72 73 59
71 46 87
51 62 66
51 78 60
80 71 98
100 64 79
79 93 100
76 56 99
24 89 72
54 53 76
83 87 1
86 53 98
74 57 79
35 6 1
56 72 58
59 73 77
89 90 81
71 98 64
20 13 10
90 97 78
72 78 57
39 79 96
86 82 89
69 8 97
63 59 57
53 88 50
51 97 53
99 82 48
62 77 62
79 76 42
75 56 59
55 67 89
86 67 76
67 81 55
48 6 13
59 97 99
41 80 70
61 88 98
43 92 73
80 93 69
74 56 96
30 85 92
83 78 83
97 66 16
22 86 73
67 70 74
70 90 3
67 51 76
70 60 78
55 75 54
30 45 7
63 57 51
50 71 74
73 55 61
97 74 35
76 87 97
83 98 38
98 55 58
67 63 57
87 74 50
46 96 85
58 50 57
23 72 96
72 71 5
86 72 95
61 95 97
59 81 64
68 64 74
80 85 55
69 78 82
97 55 78
74 83 4
98 69 54
87 89 8
36 42 40
35 7 30
64 92 91
81 69 88
80 77 62
79 58 54
39 11 2
61 87 64
77 92 81
50 79 61
91 42 90
26 94 87
82 72 99
67 77 58
92 62 78
76 83 71
60 71 83
91 66 55
92 83 1
61 60 83
69 76 97
91 82 59
100 24 88
90 100 93
68 3 77
93 81 5
89 22 99
26 9 50
37 84 71
98 52 69
51 96 68
44 70 78
97 80 43
95 80 56
13 27 1
30 7 38
50 92 69
86 54 50
92 54 73
60 53 73
44 34 9
79 59 95
83 2 98
69 50 56
51 66 91
84 50 64
86 75 50
100 22 94
58 81 59
99 55 51
97 41 93
93 71 89
16 22 33
31 6 1
2 24 29
57 69 89
80 9 72
76 77 5
3 9 6
64 72 70
89 73 89
58 50 73
79 92 56
52 51 80
98 3 88
96 57 51
26 6 17
47 49 35
73 67 98
78 98 88
93 74 50
73 56 89
27 29 39
53 53 89
53 77 74
58 84 55
66 87 21
83 13 94
73 96 77
65 60 54
71 83 34
70 87 62
35 84 74
85 76 67
25 22 26
100 84 67
89 57 81
57 55 79
77 95 26
91 36 85
84 55 59
50 86 77
45 21 16
2 76 87
76 72 70
5 10 31
74 97 59
86 50 84
23 82 98
89 50 85
84 63 50
51 84 62
25 67 96
70 15 98
57 61 56
89 78 63
81 77 12
95 88 8
79 57 100
48 17 6
19 12 40
74 35 85
96 91 69
84 45 97
