100 100 100
200
80 81 89
96 85 39
44 91 69
64 67 90
95 51 61
73 66 100
79 70 70
46 74 99
54 58 100
100 91 89
99 75 73
47 87 85
50 76 92
35 36 22
69 84 69
97 28 78
91 56 85
32 83 77
76 76 52
27 92 97
60 99 54
44 16 36
86 69 83
85 82 71
58 77 80
42 90 92
66 13 77
23 38 7
62 62 94
52 84 88
17 11 1
55 97 65
55 57 73
88 70 20
86 95 38
52 69 93
73 77 32
90 52 58
85 85 72
88 90 24
97 74 88
73 71 35
58 69 79
61 85 95
93 60 74
54 94 63
63 98 57
9 42 31
80 70 79
19 45 27
92 65 95
19 66 72
92 94 60
76 94 59
77 83 82
60 86 61
95 10 78
63 95 97
53 70 94
68 72 66
53 73 82
85 56 78
84 61 99
75 12 92
34 50 7
68 32 90
83 93 45
28 72 70
78 43 70
73 78 96
71 96 97
90 94 59
83 5 95
22 81 97
88 81 56
75 84 79
53 82 58
69 11 66
48 16 28
60 89 66
97 58 53
70 68 98
65 75 92
50 97 89
86 42 91
95 56 66
33 79 81
28 15 45
97 91 9
77 73 94
67 74 61
82 66 24
14 96 100
50 88 83
79 48 90
29 78 66
16 99 76
80 63 84
53 51 59
5 24 33
79 72 61
66 90 13
54 56 79
61 54 84
97 2 83
96 78 77
55 60 79
55 80 96
81 87 70
74 33 97
52 99 53
61 60 62
75 86 74
51 90 88
72 87 58
50 98 95
19 29 10
74 58 89
82 79 97
12 81 90
71 98 54
51 81 86
12 72 91
82 68 52
69 79 100
1 72 87
98 80 81
99 93 61
20 72 85
79 51 87
91 85 58
92 100 42
95 2 69
8 50 3
8 18 50
76 62 82
53 51 72
61 66 72
29 19 49
96 68 51
84 84 40
83 71 90
39 88 99
87 86 97
4 17 27
71 73 59
34 84 82
87 58 59
43 25 17
93 16 81
74 71 32
73 93 78
72 67 67
90 70 68
79 40 93
97 87 95
86 69 51
79 86 82
20 66 95
57 54 87
93 62 98
80 61 96
54 98 92
63 81 66
81 59 85
76 81 53
43 41 49
68 10 66
22 76 95
21 67 78
77 66 74
91 78 71
95 85 42
95 12 95
91 74 71
67 74 16
85 95 53
81 95 31
83 44 77
30 21 3
84 7 72
46 86 80
62 65 69
36 15 20
68 79 52
64 91 60
50 84 92
65 85 81
90 58 74
87 71 65
32 2 12
21 88 71
72 46 90
64 53 76
91 5 97
99 76 83
95 96 48
82 79 56
72 94 100
71 75 71
