100 100 100
200
39 25 36
68 53 73
62 85 64
92 92 51
97 88 81
93 99 96
50 71 93
87 95 59
61 65 57
65 83 67
94 100 80
96 79 19
91 15 85
95 56 81
87 99 6
28 69 83
76 91 71
45 70 83
8 92 75
90 81 21
98 76 61
81 93 20
94 87 87
85 61 96
68 96 56
85 61 87
95 65 57
100 75 81
87 60 80
35 76 86
62 54 96
72 73 53
90 86 88
53 57 72
20 79 87
90 97 50
28 75 84
77 68 91
77 4 67
62 56 75
40 92 96
70 95 78
90 78 16
80 72 16
99 78 99
69 34 75
54 71 60
31 80 81
57 92 90
67 58 55
96 45 69
57 82 92
100 17 85
79 87 100
96 62 57
67 26 83
96 80 62
58 95 68
72 44 80
93 94 81
3 100 91
63 89 75
76 85 65
72 50 94
83 28 99
55 97 99
80 13 71
96 55 72
53 62 52
40 97 67
99 79 61
76 60 96
57 74 65
95 76 12
94 37 79
70 10 93
93 90 9
86 56 93
72 85 97
43 84 66
89 57 52
13 100 78
85 94 80
91 66 92
88 91 48
76 99 63
91 77 81
89 80 70
28 93 66
72 53 75
78 72 86
38 90 91
94 99 69
77 72 5
100 66 89
77 92 15
88 91 58
98 80 78
50 57 94
92 40 67
90 58 96
54 90 68
73 93 50
22 96 81
66 50 84
79 97 70
91 96 60
71 51 83
100 89 28
62 54 77
84 82 59
82 19 79
4 91 77
92 8 67
82 81 93
78 92 69
79 89 100
92 68 61
58 96 63
85 90 67
52 93 70
64 89 63
13 4 5
7 47 40
94 99 37
59 84 94
75 17 73
94 51 51
41 68 83
72 28 98
82 28 69
85 89 88
92 85 71
52 87 57
70 34 91
79 93 63
91 96 67
73 33 95
96 97 100
66 80 63
95 33 78
84 12 81
2 98 78
70 28 82
76 65 88
40 35 30
1 89 69
66 67 71
50 85 81
60 71 50
86 93 50
11 87 85
88 19 79
54 94 78
12 10 35
84 67 49
39 17 45
37 27 33
100 52 76
3 20 30
81 99 70
36 23 27
78 63 87
66 54 67
20 4 29
22 48 19
75 74 93
97 52 67
51 89 100
83 96 5
88 3 90
88 67 31
74 98 53
24 83 87
87 79 97
44 1 26
17 25 48
7 42 14
80 66 72
69 69 89
47 12 1
77 59 78
100 83 80
92 7 97
96 82 96
53 56 85
66 53 58
53 59 50
82 54 73
31 100 87
73 2 82
40 92 83
92 75 66
97 45 74
64 57 55
79 14 73
53 82 74
74 78 34
37 27 3
1 98 67
