100 100 100
200
42 48 50
60 100 63
53 76 96
68 91 88
100 73 30
63 82 93
61 72 88
86 79 98
76 75 26
55 76 70
19 19 49
98 83 89
82 81 83
72 17 68
79 50 51
74 98 57
40 99 85
87 76 91
69 93 83
80 51 63
14 94 81
72 41 85
8 24 17
42 45 30
24 4 1
82 93 64
51 88 57
96 50 71
24 78 79
90 80 85
94 4 67
62 99 66
91 67 37
85 30 89
93 97 81
53 98 84
74 9 97
88 68 8
79 31 76
72 85 54
3 35 12
81 87 54
89 73 20
95 67 5
55 97 72
53 95 54
95 94 87
67 68 92
33 77 76
95 69 84
99 98 66
83 52 65
27 4 15
26 73 74
65 93 56
81 66 90
78 66 71
8 76 83
62 88 70
95 91 33
72 75 91
93 70 73
39 14 36
30 72 98
76 73 73
30 45 31
80 78 73
67 78 85
82 93 84
73 97 72
18 88 80
31 94 88
46 24 38
94 66 54
70 90 81
64 57 72
100 97 9
46 98 94
74 13 98
71 97 11
85 99 31
71 100 79
53 63 69
56 60 96
26 11 33
56 64 61
88 47 78
59 95 75
98 11 84
68 57 55
21 30 9
89 98 89
86 5 90
88 87 85
31 70 77
89 62 67
56 63 83
36 88 70
72 87 79
79 98 53
77 68 54
56 55 80
93 78 97
51 82 66
71 97 21
63 64 89
51 80 93
80 100 6
90 91 75
60 57 82
90 90 64
76 68 14
88 73 94
8 87 90
12 6 42
81 62 70
81 60 64
58 77 83
59 63 79
92 69 85
21 45 39
69 72 28
98 42 72
72 97 80
70 20 84
72 61 66
55 63 75
100 96 35
65 65 58
36 18 16
31 82 86
85 83 100
69 64 94
85 98 81
85 50 56
29 91 96
30 69 95
100 56 63
79 91 50
100 26 73
62 67 62
58 51 66
66 2 93
75 75 63
75 36 78
61 77 87
79 33 92
77 10 94
96 62 69
65 55 61
66 84 96
77 62 56
52 97 87
93 68 62
82 68 56
58 65 59
96 60 55
90 68 69
99 65 82
92 82 82
95 84 94
71 79 12
95 76 46
90 91 45
96 68 9
89 79 45
77 70 75
97 61 56
71 66 65
61 72 62
76 52 60
71 91 81
66 67 65
95 53 80
32 29 20
98 73 79
63 71 92
51 62 89
98 75 50
54 94 99
89 70 93
85 91 88
88 51 64
96 55 97
80 74 15
69 71 84
83 99 100
93 85 94
75 100 99
77 73 2
56 85 54
63 88 99
97 97 51
74 99 8
75 79 5
60 71 88
56 73 99
57 92 51
34 99 66
56 90 78
