100 100 100
150
91 23 71
85 44 90
10 72 93
77 38 67
68 5 88
50 90 72
86 27 93
74 31 82
73 15 90
69 33 76
93 77 66
33 72 89
92 89 21
90 32 78
97 14 99
71 32 70
90 30 75
89 34 90
4 33 44
88 29 76
84 18 68
82 85 30
87 37 69
86 20 66
67 31 78
77 87 41
85 7 83
97 96 27
58 91 79
23 5 48
99 31 75
96 39 99
98 9 93
71 33 83
31 73 75
92 42 68
74 28 66
88 39 79
98 4 78
82 11 98
96 68 54
72 99 5
88 14 94
77 43 82
96 18 81
79 5 80
99 97 49
89 79 29
67 49 82
92 66 5
87 19 76
29 85 82
81 17 72
73 72 83
5 74 74
72 66 43
75 6 92
67 19 80
74 38 84
92 9 77
85 68 83
93 11 69
55 63 76
67 36 92
92 16 94
96 30 71
84 33 88
71 43 67
80 15 97
78 3 82
60 86 91
70 69 93
81 43 85
46 40 42
72 9 66
80 35 82
72 64 76
70 47 100
90 69 28
76 48 84
98 1 87
5 12 44
86 3 71
67 74 19
73 30 73
76 30 85
75 38 100
10 87 90
26 46 5
45 99 68
70 41 86
73 47 72
14 10 20
85 36 96
78 34 89
90 84 6
44 83 82
78 8 77
95 48 84
88 26 84
91 35 86
79 11 73
95 71 23
82 28 79
52 62 74
10 26 34
92 69 2
58 100 76
92 85 20
70 29 73
67 53 50
70 6 74
86 16 67
100 40 69
82 19 88
81 45 90
13 25 8
71 14 68
91 32 74
16 41 3
71 6 73
87 42 97
82 94 17
88 8 89
22 27 4
49 25 24
45 26 25
97 11 99
67 88 25
74 13 85
99 14 79
10 81 97
93 30 96
28 96 75
50 82 68
82 18 86
85 11 69
83 43 70
7 15 25
46 29 17
88 13 85
77 27 70
5 81 86
71 19 67
77 47 84
23 26 20
71 38 87
4 27 47
91 77 31
67 42 74
