100 100 100
150
67 76 42
89 34 68
76 27 77
99 43 86
82 23 90
38 14 20
30 29 43
98 94 93
74 45 71
51 84 64
67 15 70
71 18 99
81 37 95
67 45 81
95 89 50
46 25 21
92 91 12
78 48 91
44 22 48
46 6 25
90 94 86
15 82 94
76 68 68
42 81 96
89 29 66
66 7 67
94 35 80
99 33 87
68 24 97
95 13 69
98 4 89
88 73 27
20 73 74
68 24 76
8 7 27
20 5 14
89 46 94
94 92 3
76 48 83
92 28 90
22 93 80
92 11 79
30 91 88
91 87 26
39 2 36
97 34 76
90 33 99
74 48 76
88 2 98
82 29 82
84 41 82
4 73 86
81 33 70
80 83 62
83 10 91
66 59 69
85 44 96
80 34 95
71 20 88
97 8 78
91 100 16
98 72 2
55 98 96
42 66 83
67 20 83
67 44 76
94 23 90
83 51 55
73 91 67
73 25 78
72 20 71
92 48 67
99 25 99
6 34 18
90 47 66
92 77 75
82 79 27
50 5 31
85 40 67
21 74 98
98 65 99
76 29 68
83 49 85
74 43 90
72 38 83
100 27 88
83 7 99
93 40 71
69 75 45
92 1 89
96 30 93
32 45 2
90 40 76
71 91 21
33 30 44
89 77 45
85 35 68
66 45 99
42 9 11
72 28 68
92 34 73
66 6 78
80 28 79
32 70 76
86 4 94
26 11 10
82 32 99
96 89 22
91 3 68
76 94 79
27 84 86
79 49 79
91 82 31
97 94 100
77 22 68
80 27 100
79 13 90
78 17 69
98 26 91
86 16 91
71 14 75
77 46 72
45 48 25
96 68 26
40 35 33
70 28 100
70 5 84
70 16 100
91 33 81
75 36 71
97 2 88
74 46 85
93 3 71
74 11 98
78 6 97
17 18 42
90 67 32
66 17 92
85 41 86
73 35 68
81 89 70
95 24 91
72 42 77
66 20 68
70 32 88
44 25 26
37 29 10
68 22 81
99 47 68
4 93 74
