100 100 100
150
31 75 69
9 36 11
69 41 92
67 49 84
97 23 99
85 81 26
97 49 85
73 8 83
74 29 81
70 7 97
66 33 77
67 76 3
93 33 85
78 93 9
77 4 94
97 3 75
86 88 48
70 34 96
8 96 88
46 83 72
80 5 95
29 84 99
69 82 82
88 21 88
84 23 85
83 25 66
75 27 81
90 65 72
67 10 83
95 23 72
92 28 80
75 46 86
16 21 24
98 63 97
90 49 89
28 39 14
14 46 45
66 4 93
99 30 74
93 30 95
28 66 85
90 25 75
98 33 82
11 39 12
89 32 92
92 10 76
70 5 70
96 22 77
91 22 99
81 19 68
78 15 98
85 19 96
70 1 91
76 65 73
72 18 83
75 48 96
54 88 70
90 20 89
98 8 97
66 26 83
29 42 8
39 76 83
98 87 93
91 5 83
58 92 60
66 78 20
81 33 99
72 37 72
76 16 85
77 81 7
100 22 70
91 28 100
67 3 96
69 10 100
97 83 72
91 8 70
82 85 29
30 80 96
72 6 75
35 80 80
80 36 100
68 13 82
89 13 72
75 23 84
75 14 97
91 69 95
72 54 88
67 26 82
77 78 37
47 66 76
96 8 99
14 41 4
83 24 69
70 20 81
71 28 82
16 48 15
92 1 67
80 1 76
16 15 27
92 44 78
74 36 67
60 90 95
98 48 71
74 7 79
97 22 82
71 67 32
66 40 73
37 80 73
80 3 98
92 3 76
73 46 91
100 21 75
14 67 74
57 83 76
91 24 67
80 64 89
70 41 82
73 61 74
82 4 79
77 50 81
68 30 92
70 30 77
83 48 71
87 33 74
74 69 9
88 36 69
71 19 80
53 76 63
83 72 31
89 4 84
92 22 95
77 40 92
96 27 78
97 90 50
97 26 94
75 28 85
3 75 82
88 39 76
94 13 82
74 19 80
99 17 95
50 77 84
100 26 77
79 20 91
77 8 84
38 15 26
73 5 74
74 44 91
78 7 95
92 17 93
