100 100 100
150
34 83 78
69 31 80
75 37 92
1 11 43
12 97 74
5 86 88
77 93 92
60 74 53
76 79 8
82 32 94
92 43 97
87 14 68
95 28 80
67 13 77
48 97 100
21 25 14
6 27 7
97 37 80
93 48 90
88 93 61
42 39 11
100 5 86
68 74 39
66 21 74
77 18 79
90 22 92
23 91 80
90 45 78
16 98 97
100 40 84
86 26 86
76 2 95
86 36 89
91 36 67
68 17 67
98 88 39
77 57 90
66 18 73
66 9 83
70 48 91
79 31 66
84 17 98
97 3 81
71 34 81
83 47 90
88 62 97
75 27 73
69 33 69
81 44 70
69 10 78
68 79 7
87 44 97
72 86 39
46 36 12
77 25 79
100 39 90
72 31 68
26 22 29
1 29 1
88 42 67
35 48 46
46 75 75
29 28 20
22 88 98
67 23 85
70 45 80
67 32 74
52 73 90
26 18 37
47 95 81
94 4 84
73 13 85
89 87 26
95 33 66
98 22 84
18 97 80
89 92 29
14 4 38
76 29 73
98 81 27
84 22 77
87 15 69
79 24 86
88 92 55
78 49 87
71 1 95
73 43 74
75 32 87
72 1 75
90 82 71
11 22 19
92 82 95
83 39 87
55 72 93
25 68 76
83 6 100
79 50 88
8 43 49
89 68 26
88 60 79
81 34 70
71 22 86
67 14 95
67 35 78
67 94 9
93 17 99
99 18 100
66 45 85
92 15 80
45 28 43
66 22 68
49 82 75
96 7 80
86 69 1
42 30 18
10 36 41
86 6 78
45 31 22
95 95 16
69 8 95
66 3 89
77 66 48
83 34 68
99 69 17
97 2 66
85 48 81
96 11 99
40 95 72
98 44 70
26 71 82
19 33 22
82 74 57
18 78 71
85 5 66
98 43 98
67 91 30
77 66 24
92 66 3
80 10 76
73 8 97
74 22 94
27 91 93
99 40 92
100 20 79
78 16 85
60 96 91
86 19 97
83 10 92
99 18 78
3 41 3
