100 100 100
150
71 38 76
90 23 98
94 36 68
16 24 38
73 90 45
99 13 79
97 44 82
95 9 75
77 8 99
25 81 80
72 4 81
71 21 92
84 22 76
90 4 83
96 37 72
52 91 67
67 25 88
78 37 86
97 29 91
96 5 86
38 66 90
80 42 95
88 33 84
80 24 96
94 12 86
3 20 27
80 76 21
74 98 2
73 25 75
92 8 83
67 23 91
78 9 82
79 91 50
89 100 42
59 94 75
77 30 98
53 97 96
67 33 75
42 35 21
81 82 28
96 86 54
79 10 73
95 24 69
97 28 86
84 81 88
73 15 79
81 50 77
94 93 89
3 17 2
93 48 89
71 10 94
70 69 60
11 22 41
72 70 9
4 29 13
68 31 83
71 19 86
79 80 3
45 89 89
97 9 73
88 84 97
67 25 89
32 19 15
79 42 77
84 1 75
95 55 55
32 30 25
73 26 81
79 94 20
76 10 81
24 35 31
46 75 83
75 100 29
73 3 89
29 4 37
9 7 41
51 92 95
77 32 89
94 84 50
92 13 96
9 7 40
70 18 90
70 34 87
69 40 100
80 33 76
27 14 32
14 44 42
94 91 46
66 3 92
85 62 52
45 37 12
72 30 69
82 73 44
76 35 99
80 15 81
86 15 76
67 46 73
12 68 73
75 2 82
37 67 90
87 35 86
90 82 36
20 96 73
93 77 60
71 67 15
79 38 95
11 99 68
79 66 62
68 28 73
89 4 71
83 49 81
89 4 76
84 28 87
26 89 70
96 92 5
2 6 29
78 95 2
30 14 7
31 47 41
22 17 5
43 25 15
30 9 26
84 23 87
98 36 92
72 12 74
69 89 16
97 2 84
96 13 99
91 50 91
94 87 39
7 98 70
40 79 70
23 22 3
97 34 91
33 9 9
95 1 94
67 35 72
97 34 77
77 8 83
71 83 45
2 28 39
67 25 69
99 5 71
28 91 91
5 25 40
90 42 99
100 36 72
81 27 71
98 30 97
96 67 95
