100 100 100
150
92 11 85
25 18 35
42 34 48
57 82 62
66 29 95
89 48 71
46 97 75
95 35 89
79 23 91
95 31 77
98 14 78
31 29 47
86 17 94
47 69 88
77 28 66
84 18 80
87 24 97
93 100 40
67 11 93
33 83 81
70 10 81
71 30 70
72 33 82
93 24 70
87 7 92
80 94 23
71 37 100
11 67 69
99 33 77
37 25 48
96 19 97
91 15 91
86 13 85
8 41 36
95 78 34
69 24 93
99 72 8
79 49 90
9 12 50
70 90 4
84 48 85
96 2 96
71 42 91
77 23 80
70 83 39
99 19 74
44 67 92
9 72 66
83 39 70
81 67 19
77 80 86
80 93 22
98 7 91
62 68 65
37 34 39
18 87 77
69 6 91
68 25 83
78 20 68
84 25 92
97 72 50
94 29 81
72 81 65
67 10 92
20 30 31
79 10 89
5 29 35
73 21 73
74 19 70
76 29 80
93 15 67
85 30 80
85 75 53
87 96 20
19 82 67
76 31 78
80 15 73
100 99 70
85 26 68
85 36 93
87 96 81
89 20 89
95 45 89
78 100 31
83 16 66
29 84 93
11 96 83
67 84 11
48 86 75
5 18 43
87 87 52
2 100 92
70 18 77
97 20 85
72 10 75
88 21 74
4 45 49
100 30 71
83 18 86
78 44 85
21 80 66
98 31 99
86 47 97
75 42 89
76 16 87
46 88 69
36 89 95
66 50 98
92 40 90
82 57 56
76 25 93
83 20 76
71 46 93
72 38 93
69 41 83
77 27 70
71 37 83
100 64 90
99 18 80
77 25 77
96 48 70
79 50 77
84 84 49
74 74 61
95 25 93
89 21 83
37 74 91
68 47 80
36 85 90
73 29 67
84 2 87
71 49 99
80 18 69
20 94 80
44 91 81
99 12 92
81 43 84
66 31 84
75 5 77
38 37 37
72 68 48
51 59 86
86 19 98
82 19 79
6 35 11
27 75 99
78 75 50
90 41 72
84 41 80
99 40 82
