100 100 100
150
89 93 38
29 95 88
49 83 67
85 56 100
72 47 83
78 30 97
97 74 19
82 12 67
80 37 82
73 5 98
90 98 77
75 38 71
87 9 90
15 33 9
17 20 38
10 74 73
83 72 30
19 42 6
71 99 24
66 72 45
64 85 86
23 17 4
98 75 75
50 27 42
72 75 96
98 15 78
73 5 98
67 47 93
79 42 90
66 43 94
89 16 67
23 22 43
92 97 34
86 18 96
24 97 73
48 91 99
44 82 87
10 89 69
70 40 96
83 54 68
24 7 25
91 43 83
34 13 6
91 97 20
25 97 98
77 22 70
80 45 96
79 10 94
72 12 75
70 25 75
87 3 90
38 100 91
99 41 98
91 87 80
66 40 81
96 14 70
68 44 97
91 28 92
67 40 81
83 70 52
75 77 12
15 74 95
64 54 82
24 29 33
93 60 76
14 16 38
99 79 52
74 17 78
70 22 93
75 47 80
86 46 82
68 12 66
83 39 80
40 46 40
85 19 100
63 54 63
88 76 27
89 41 82
45 73 77
29 71 89
75 28 80
72 76 30
86 7 67
98 9 81
97 80 10
87 35 80
87 49 81
74 8 100
67 10 80
7 15 46
96 18 90
48 89 67
69 32 96
12 72 70
77 4 68
91 30 85
100 88 9
88 93 82
69 37 89
50 55 73
77 36 70
92 79 64
89 14 75
32 96 89
80 12 88
75 29 100
68 10 86
84 2 76
68 83 8
74 3 66
70 100 16
78 35 77
71 17 100
82 38 82
78 48 85
84 47 85
68 51 95
67 74 62
90 40 85
70 34 92
68 54 97
85 38 92
73 48 68
29 79 75
32 37 21
85 32 96
88 37 76
58 85 51
87 11 76
76 20 89
77 12 80
84 83 94
83 15 98
19 43 20
99 42 84
27 79 91
94 100 42
89 75 88
72 3 84
91 27 80
83 37 78
92 26 92
86 34 77
90 20 68
56 68 83
42 79 75
80 92 22
100 8 86
36 1 24
77 15 66
