100 100 100
150
42 66 80
84 5 95
67 31 67
72 97 23
12 16 28
68 13 66
74 12 72
53 89 80
30 67 74
73 93 35
69 80 7
95 44 96
98 51 68
79 23 99
96 11 67
67 9 79
20 21 39
66 43 83
76 26 84
68 30 95
75 71 19
77 5 89
88 75 25
73 97 8
12 46 23
70 14 69
76 26 97
87 31 95
70 75 44
94 10 94
61 85 96
71 28 99
74 42 69
99 58 76
87 47 86
75 17 94
100 41 88
80 28 72
72 17 70
93 22 100
37 87 81
85 35 94
68 81 8
36 14 9
69 7 73
60 90 79
85 17 76
87 19 86
97 74 48
91 60 55
2 2 31
73 40 69
49 93 71
10 28 46
94 45 89
98 5 99
1 31 19
80 28 67
25 11 43
80 73 35
96 88 50
24 73 87
41 38 44
90 47 98
75 37 90
28 98 98
91 26 81
91 86 66
77 22 80
45 18 29
80 26 73
47 72 98
70 48 67
91 19 79
89 67 70
34 98 99
83 95 27
83 95 12
94 21 75
72 84 1
79 14 69
91 23 97
76 18 69
75 95 94
100 70 45
84 45 68
69 1 92
94 14 93
74 13 98
90 11 66
1 89 67
95 14 90
69 47 67
74 71 52
1 89 97
81 38 95
87 40 100
22 85 68
77 5 93
73 29 97
96 34 85
90 40 100
93 28 87
79 93 71
73 81 35
97 49 97
78 40 78
66 82 16
80 15 100
47 80 70
33 26 8
72 1 77
93 37 71
93 37 70
86 4 86
34 16 1
79 18 88
91 100 10
68 93 12
97 42 71
1 45 3
69 82 18
73 36 88
6 15 21
70 50 73
70 44 85
78 29 95
71 79 35
67 18 75
8 87 87
71 23 97
79 38 77
85 86 34
85 23 94
77 9 76
84 35 89
48 8 14
17 81 85
93 50 78
90 16 97
93 42 77
93 24 92
85 48 92
6 20 4
92 2 87
94 9 87
89 63 95
74 24 99
92 14 82
68 39 86
