100 100 100
150
84 26 90
65 87 53
95 74 50
22 70 100
71 36 69
69 47 92
97 34 76
81 13 82
71 16 100
86 77 46
46 81 66
70 75 64
3 48 1
67 14 70
70 59 93
93 32 72
99 19 75
82 45 66
68 88 77
71 39 91
71 16 91
51 87 54
85 29 97
87 28 88
79 90 18
31 12 11
31 99 95
18 81 96
47 87 82
80 66 68
46 11 18
73 35 74
92 4 90
71 21 92
66 18 100
89 12 88
88 9 67
93 43 86
73 88 33
69 41 97
79 26 96
68 93 46
78 2 66
97 8 72
97 21 72
93 29 73
91 40 80
94 29 79
86 7 75
70 2 96
43 98 86
76 14 71
45 97 90
24 27 43
86 49 86
34 47 2
50 19 10
68 86 1
69 31 96
6 75 88
75 63 64
80 43 66
44 29 37
79 14 77
92 15 92
93 31 67
18 94 69
98 6 87
73 25 68
74 36 79
20 7 25
80 74 34
91 8 78
69 41 79
99 32 83
25 3 47
79 46 66
66 48 98
99 43 72
89 49 70
96 49 82
74 26 83
67 28 70
80 26 74
67 19 69
82 6 90
85 2 90
66 23 97
68 15 80
67 8 74
90 49 68
71 8 77
68 11 86
100 19 88
74 41 90
84 47 94
75 38 85
84 8 67
98 22 96
77 45 91
42 100 89
74 77 50
73 45 77
87 28 100
2 89 91
83 20 70
5 96 69
84 9 89
91 28 93
36 4 31
80 3 96
67 18 78
81 8 78
68 37 94
35 9 3
28 36 41
94 32 85
79 100 45
94 83 37
78 1 74
88 67 49
42 17 46
74 23 84
85 40 93
92 10 93
89 5 98
79 85 5
47 99 80
83 22 96
93 68 31
87 78 8
66 7 72
88 8 96
74 2 84
77 23 67
59 58 99
98 17 87
92 22 91
90 46 85
31 76 80
69 46 75
70 70 33
73 13 83
84 21 68
92 73 22
69 48 98
80 78 63
14 81 66
91 24 66
93 14 70
