100 100 100
150
70 49 87
45 82 97
22 68 78
86 30 69
64 89 71
86 76 94
74 77 49
69 39 96
73 31 80
60 92 60
87 4 86
99 11 75
80 43 99
79 84 10
92 44 80
85 2 78
96 18 84
97 46 73
85 39 87
73 72 4
68 2 94
83 83 10
69 27 95
88 30 74
72 35 94
95 89 5
99 75 52
80 50 86
76 15 96
68 45 70
70 67 9
74 41 95
97 19 100
20 92 66
79 36 78
81 8 95
89 28 80
57 100 97
25 22 12
81 9 93
89 98 81
97 100 37
77 20 88
77 3 78
91 38 82
84 31 68
46 95 95
67 38 83
76 29 81
43 41 31
93 45 72
13 39 44
57 61 60
77 90 98
91 6 94
91 38 86
86 6 90
92 33 86
92 81 54
88 41 95
69 43 72
72 47 93
63 99 54
90 32 92
30 42 1
97 38 72
39 78 79
98 1 79
68 25 90
74 5 78
79 39 79
74 14 81
78 17 88
83 67 48
29 15 43
72 27 97
86 23 71
95 27 95
80 88 50
82 22 67
100 33 94
3 98 82
92 39 84
66 79 45
70 4 94
37 86 78
67 84 39
74 31 67
18 18 13
80 4 81
70 13 80
71 1 100
8 26 34
16 72 74
78 36 96
86 75 34
12 87 83
67 91 62
71 40 100
23 12 11
74 75 44
82 1 78
77 11 89
80 6 99
82 6 93
70 40 67
28 86 73
66 12 66
80 95 50
92 29 100
73 29 73
84 34 78
71 61 54
79 36 82
68 15 66
96 7 85
87 72 38
78 34 84
72 6 86
70 7 88
86 42 79
94 6 92
44 86 69
97 16 79
68 23 100
74 77 32
69 12 99
97 33 73
98 29 95
95 45 72
81 42 72
87 67 28
90 4 77
97 92 33
78 100 46
69 8 98
77 23 99
70 60 62
88 45 79
75 72 7
4 1 36
83 25 80
72 27 98
93 21 91
10 76 88
66 36 75
20 12 38
93 5 79
77 67 29
66 91 97
