100 100 100
100
69 24 83
73 19 93
88 25 91
92 82 39
79 95 32
71 83 45
88 50 99
70 28 87
10 71 96
14 16 41
97 9 95
89 6 100
91 22 97
74 19 85
86 98 20
1 13 26
96 9 74
91 9 73
93 28 74
68 61 63
6 1 9
70 19 90
96 40 82
12 3 20
85 12 86
83 36 98
83 70 3
68 19 78
97 83 32
94 32 80
75 34 92
96 8 92
44 99 68
91 2 83
77 35 88
3 5 35
67 69 78
48 78 72
94 45 77
87 28 99
95 73 30
72 31 79
76 33 84
94 44 85
80 15 79
95 57 71
96 21 94
79 41 94
3 86 87
84 2 68
71 22 93
68 36 67
71 10 77
95 46 69
87 3 67
71 29 100
81 74 21
26 74 83
71 100 47
85 44 71
92 8 77
85 66 33
31 2 30
82 21 98
78 3 87
18 23 39
92 46 86
72 48 79
24 44 17
69 42 94
28 50 34
77 21 95
80 91 20
88 13 94
68 78 60
95 83 26
72 78 47
16 6 6
84 86 71
87 68 15
78 75 15
81 13 66
82 24 84
91 23 78
87 23 97
76 41 72
89 45 76
99 18 90
83 3 89
67 19 81
41 86 97
82 93 62
66 29 87
73 23 69
80 35 96
97 34 85
58 67 92
44 17 7
30 5 24
54 92 98
