100 100 100
100
92 22 86
70 61 89
60 97 99
44 12 48
93 38 89
93 43 77
66 50 73
99 13 79
71 73 2
39 76 81
90 82 39
89 27 75
80 75 31
86 32 88
89 81 69
69 6 72
98 45 91
89 87 72
86 19 98
92 31 68
73 20 87
98 4 94
75 31 70
73 16 88
72 10 74
29 16 19
69 78 45
50 26 28
90 31 79
98 40 88
74 72 26
56 80 87
83 61 89
88 41 88
94 14 70
64 84 72
86 50 99
89 57 77
72 39 94
74 92 16
81 44 80
69 75 48
98 10 78
73 48 74
68 49 79
98 27 74
87 22 69
87 27 86
31 29 48
86 48 93
91 44 99
90 2 83
1 26 3
100 27 76
67 49 84
81 1 88
26 85 97
94 49 98
91 7 69
10 41 27
88 27 89
90 27 73
76 93 17
82 36 77
88 7 76
99 37 84
67 34 88
100 50 96
33 97 76
87 14 67
18 94 70
28 21 20
98 73 31
70 7 85
72 44 70
98 45 79
68 8 89
69 16 92
91 45 97
99 7 79
15 49 8
72 30 85
27 18 33
13 4 4
74 29 72
35 83 75
14 84 98
97 39 71
69 27 94
74 36 67
5 70 69
95 28 73
72 76 48
94 23 79
78 78 88
92 62 82
71 36 92
22 2 2
88 86 99
80 33 92
