100 100 100
100
66 46 93
82 13 99
50 63 52
32 90 86
73 38 98
95 25 98
99 22 68
49 5 10
36 2 22
7 40 4
89 20 79
78 68 78
92 16 81
83 85 50
66 43 67
79 78 74
80 7 82
71 91 59
97 11 75
72 11 70
2 78 73
97 6 99
93 39 79
94 6 92
47 6 8
21 34 3
25 40 41
87 4 79
37 72 100
98 50 91
91 31 97
98 15 67
87 28 77
19 29 8
91 6 67
60 96 56
89 15 98
94 23 86
40 91 85
98 82 6
85 22 85
67 74 16
86 2 72
73 38 78
73 29 90
93 3 74
42 94 98
74 1 87
82 49 69
73 40 79
17 18 20
71 8 81
35 96 84
69 45 91
26 69 76
22 79 93
40 15 14
69 37 92
83 43 78
94 11 77
79 17 71
77 87 87
94 83 23
71 40 77
95 31 77
98 29 83
77 44 97
8 42 14
75 90 50
70 54 60
26 68 69
12 88 81
36 44 23
99 57 81
35 91 68
71 3 99
68 44 81
79 36 97
66 11 70
81 35 96
35 92 93
70 58 65
73 34 97
1 34 28
89 7 86
74 2 94
40 48 46
43 95 82
77 5 71
79 16 89
90 41 75
97 22 80
88 88 36
83 81 100
63 79 57
98 88 99
78 2 91
48 100 71
63 70 95
15 69 67
