100 100 100
100
99 19 90
69 6 83
38 72 90
71 30 90
78 9 85
85 10 90
88 100 21
69 31 79
73 17 79
82 15 99
66 71 67
93 21 79
22 91 76
74 50 96
82 34 73
94 6 70
77 85 99
34 12 38
67 43 77
39 74 100
86 22 99
28 74 74
69 71 85
98 95 56
95 1 99
73 98 49
76 9 88
84 36 69
68 25 79
91 77 36
85 27 68
99 21 88
92 43 87
88 5 67
19 26 30
77 46 71
40 79 76
71 37 89
97 78 44
75 90 32
88 92 98
16 16 7
85 22 94
88 35 84
67 44 88
72 5 81
42 16 23
82 10 79
65 77 92
31 69 89
87 15 89
73 73 2
88 86 73
91 41 77
9 84 72
44 12 27
78 4 69
93 37 67
69 73 84
81 27 84
100 23 99
56 68 85
85 50 82
82 8 92
76 10 78
67 38 88
75 43 72
73 37 88
70 45 82
68 31 93
77 13 95
64 84 89
88 5 78
92 6 83
80 19 88
93 27 74
98 21 86
89 84 96
12 96 80
74 6 81
99 1 70
83 16 86
98 45 99
85 42 94
92 42 76
71 67 17
37 90 85
36 88 87
72 8 89
27 87 96
70 7 87
12 87 68
88 10 89
79 40 87
77 24 95
15 49 34
40 71 77
81 2 69
99 42 94
68 16 85
