100 100 100
100
96 39 100
23 50 41
97 21 66
84 43 95
76 94 95
74 42 81
34 17 13
91 8 80
91 77 88
95 39 97
95 41 95
37 100 68
83 5 72
27 86 90
85 26 68
40 79 75
73 4 99
80 12 69
71 71 8
77 98 19
82 7 91
68 31 83
74 38 97
86 69 18
50 79 85
91 29 84
78 29 86
80 21 70
95 34 80
45 35 12
78 26 73
78 93 15
40 5 48
86 32 89
83 80 19
18 68 100
10 77 78
12 2 13
98 26 67
53 52 87
10 79 69
79 9 99
28 41 44
29 29 22
25 10 34
97 8 77
78 39 82
89 100 14
96 44 92
85 17 100
78 13 76
14 92 96
54 72 61
77 40 99
76 18 81
90 2 80
77 40 75
81 40 76
85 34 70
99 97 74
87 32 93
19 50 30
77 100 99
34 82 83
93 65 70
12 94 92
95 41 83
74 31 81
66 48 70
2 69 93
70 44 75
84 20 99
74 13 89
70 28 83
99 1 86
69 50 85
71 97 45
91 43 90
27 8 2
13 93 77
69 36 83
31 19 2
89 5 100
52 85 63
94 69 20
69 23 69
68 1 83
92 61 76
28 10 41
29 89 69
84 22 88
73 11 90
99 90 100
24 84 72
27 16 18
93 8 70
88 47 97
78 81 86
10 89 97
95 32 79
