100 100 100
100
82 12 97
88 43 73
68 19 66
73 3 76
77 46 71
99 25 73
76 40 93
91 32 94
99 46 97
95 14 82
1 91 80
83 92 86
89 97 53
90 77 62
36 87 74
77 49 69
93 3 96
72 15 88
76 8 68
79 36 79
79 83 17
94 17 70
93 36 95
4 94 74
70 100 45
98 28 75
69 70 5
100 5 72
86 40 94
100 2 67
72 22 79
79 69 9
92 20 83
73 8 98
96 15 72
83 37 95
79 21 91
72 81 46
100 3 99
75 2 85
81 49 85
73 49 75
29 11 46
94 24 83
76 74 70
67 59 79
52 91 52
97 29 76
11 16 40
73 6 75
68 85 37
66 32 74
88 2 84
87 38 85
81 25 77
89 62 90
35 74 80
10 80 86
75 90 39
77 90 39
73 38 86
26 4 45
41 12 2
50 45 18
86 17 69
76 1 97
57 57 80
90 69 73
73 48 80
90 20 92
99 99 26
11 85 96
96 22 99
96 49 72
94 34 71
91 84 32
11 81 85
85 92 32
91 31 75
96 94 39
38 22 45
85 21 94
79 16 79
79 9 75
97 94 5
59 89 55
85 3 94
87 76 81
82 71 87
76 93 59
76 38 100
85 6 78
87 39 79
85 81 96
86 11 82
95 16 68
75 46 95
8 94 66
18 77 66
98 49 74
