100 100 100
100
79 34 72
97 37 91
87 18 100
98 16 81
83 74 37
88 9 99
99 12 85
3 9 42
40 10 36
73 38 80
78 12 99
81 45 82
1 44 21
74 22 66
81 9 81
68 20 74
89 1 69
88 15 94
96 100 69
82 45 75
75 28 86
74 6 79
90 35 92
66 10 84
17 89 95
49 26 37
71 78 43
96 40 96
66 84 22
92 20 66
30 19 14
93 41 71
72 70 53
31 75 73
75 36 86
74 34 66
79 39 70
73 31 85
6 84 72
86 21 82
88 59 98
68 42 97
56 87 90
73 18 76
82 39 96
78 15 80
77 34 66
69 39 69
23 94 92
97 44 86
94 6 72
69 6 76
89 36 91
73 35 95
73 69 49
95 35 79
74 85 28
93 43 95
87 25 97
28 92 92
95 47 80
77 9 96
91 88 45
94 14 77
80 45 94
54 88 75
78 75 9
75 22 90
69 1 68
89 38 92
22 75 93
96 87 44
82 32 87
70 95 67
45 16 9
67 49 83
97 2 79
68 50 83
96 3 72
90 21 70
90 87 28
68 22 92
45 26 5
7 18 40
99 43 79
87 44 67
66 6 92
15 7 20
79 15 71
71 98 66
15 3 8
96 50 100
86 3 98
70 39 90
58 53 98
98 25 79
86 44 80
100 32 100
79 46 69
90 17 91
