100 100 100
100
77 7 69
37 30 13
20 16 10
87 26 97
88 33 92
78 42 91
26 35 45
78 35 86
67 25 68
85 13 100
92 22 84
11 98 72
76 37 81
86 12 71
85 50 75
95 42 68
94 74 71
28 78 66
10 96 71
84 98 28
72 14 77
20 42 44
98 64 78
79 12 70
80 27 66
88 93 31
74 39 82
93 24 98
92 7 86
97 72 38
29 15 5
94 47 80
80 47 67
70 66 32
88 4 99
89 30 96
80 8 71
85 45 100
23 83 81
98 39 78
86 16 81
85 34 73
91 50 68
100 15 82
13 71 71
92 17 75
82 79 49
47 48 41
88 11 98
85 93 21
52 84 70
39 31 24
79 21 99
83 33 81
78 84 27
85 68 13
72 4 68
82 45 70
77 46 76
73 41 99
81 3 73
69 13 76
76 68 71
79 92 91
16 24 25
85 16 71
99 94 19
75 17 94
99 1 90
89 7 91
86 35 72
78 22 79
69 41 97
18 42 26
35 97 89
89 23 70
69 29 84
97 29 80
100 26 70
83 44 90
94 43 85
87 74 14
95 37 82
96 26 91
67 28 69
29 6 15
95 78 41
8 15 33
44 80 89
37 48 39
70 17 78
46 45 8
74 68 24
91 24 76
83 50 69
23 88 89
48 43 41
57 53 92
87 12 96
3 34 1
