100 100 100
100
47 87 79
43 69 81
27 95 76
77 39 67
82 1 68
44 26 4
99 7 82
77 12 99
96 56 97
86 37 98
84 31 68
85 67 11
77 31 77
74 66 47
5 40 32
26 13 33
70 48 86
39 88 84
14 4 32
2 14 49
56 77 60
92 66 28
94 34 75
93 13 92
97 21 73
94 21 73
99 7 80
77 7 87
84 14 99
9 5 12
92 62 92
73 4 67
18 11 8
68 38 92
12 25 23
80 25 90
40 26 25
86 10 67
80 66 87
74 10 98
76 25 84
80 27 95
26 76 91
19 9 30
81 20 70
82 22 71
88 27 85
72 93 34
80 83 71
74 21 72
75 49 68
97 100 41
80 5 83
69 32 68
70 40 79
88 18 66
71 40 74
78 74 63
89 16 77
94 8 82
80 12 67
95 18 67
68 67 62
82 49 83
52 59 86
20 22 20
84 37 90
99 11 99
50 97 55
88 77 31
91 18 99
96 4 77
90 49 73
66 14 96
81 29 87
100 48 81
25 100 90
80 7 76
35 100 67
7 84 86
99 28 98
70 27 100
86 47 95
64 63 77
69 12 93
82 17 77
76 9 66
82 24 97
68 22 94
39 45 42
64 87 91
72 69 18
73 32 88
26 91 96
88 82 24
26 90 88
96 99 1
82 17 85
73 31 99
76 55 59
