100 100 100
100
50 95 76
68 17 100
95 13 76
89 1 71
22 20 18
69 94 41
76 30 87
64 88 63
70 4 86
98 12 83
43 41 15
70 18 86
79 26 95
98 41 82
81 33 76
78 80 12
67 47 83
67 75 52
82 36 74
89 22 72
32 75 95
71 17 73
90 32 73
71 15 66
90 16 67
78 18 87
7 93 67
74 41 89
98 22 66
94 22 77
81 10 66
39 80 88
68 26 98
67 14 78
100 65 60
45 21 37
59 61 68
16 24 32
71 11 86
98 28 94
79 100 20
74 19 83
25 94 78
94 4 69
75 35 80
90 87 61
65 58 87
80 17 93
17 91 98
97 10 82
50 48 9
87 28 69
5 42 1
91 30 89
98 45 87
78 11 95
69 29 79
46 98 89
79 92 31
81 24 89
66 18 95
99 22 82
3 22 24
20 92 98
71 29 74
94 31 80
82 36 77
53 82 100
67 94 25
23 91 67
85 83 20
45 84 97
77 95 30
92 35 85
76 12 72
87 97 36
47 72 83
34 78 73
61 50 75
70 97 13
80 14 75
89 29 87
6 8 27
90 45 72
72 47 83
79 27 88
91 74 100
90 32 67
75 25 77
97 39 94
76 88 33
84 34 86
73 47 71
74 41 94
80 37 68
93 48 98
87 95 58
85 9 83
6 49 8
88 17 98
