100 100 100
100
34 24 48
8 19 18
23 25 31
92 82 39
79 95 32
71 83 45
43 50 34
70 28 87
10 71 96
14 16 41
7 9 15
89 6 100
21 22 22
74 19 85
86 98 20
1 13 26
36 9 39
91 9 73
33 28 39
68 61 63
6 1 9
70 19 90
46 40 47
12 3 20
30 12 11
13 36 8
83 70 3
28 19 48
97 83 32
34 32 35
40 34 12
21 8 27
44 99 68
41 2 13
2 35 3
3 5 35
67 69 78
48 78 72
24 45 37
12 28 29
95 73 30
72 31 79
31 33 34
24 44 5
40 15 14
95 57 71
41 21 34
79 41 94
3 86 87
84 2 68
26 22 13
38 36 17
41 10 27
30 46 14
42 3 12
1 29 10
81 74 21
26 74 83
71 100 47
50 44 41
37 8 2
85 66 33
31 2 30
32 21 8
78 3 87
18 23 39
12 46 6
72 48 79
24 44 17
29 42 39
28 50 34
27 21 35
80 91 20
88 13 94
68 78 60
95 83 26
72 78 47
16 6 6
84 86 71
87 68 15
78 75 15
26 13 41
42 24 19
11 23 38
12 23 17
76 41 72
44 45 26
49 18 50
13 3 44
22 19 26
41 86 97
82 93 62
11 29 27
73 23 69
45 35 1
97 34 85
58 67 92
44 17 7
30 5 24
54 92 98
