100 100 100
100
2 22 21
70 61 89
60 97 99
44 12 48
23 38 29
93 43 77
66 50 73
9 13 24
71 73 2
39 76 81
90 82 39
34 27 40
80 75 31
36 32 48
89 81 69
69 6 72
98 45 91
89 87 72
21 19 43
92 31 68
28 20 2
28 4 49
35 31 45
43 16 13
37 10 24
29 16 19
69 78 45
50 26 28
25 31 44
98 40 88
74 72 26
56 80 87
83 61 89
43 41 18
94 14 70
64 84 72
86 50 99
89 57 77
22 39 39
74 92 16
31 44 50
69 75 48
23 10 13
38 48 9
48 49 19
18 27 24
42 22 9
12 27 21
31 29 48
21 48 43
41 44 14
15 2 28
1 26 3
20 27 31
42 49 9
46 1 38
26 85 97
4 49 23
31 7 29
10 41 27
48 27 49
10 27 23
76 93 17
37 36 42
48 7 41
49 37 29
2 34 3
20 50 46
33 97 76
47 14 2
18 94 70
28 21 20
98 73 31
70 7 85
7 44 15
33 45 39
68 8 89
19 16 12
16 45 17
4 7 19
15 49 8
42 30 25
27 18 33
13 4 4
24 29 27
35 83 75
14 84 98
37 39 26
9 27 34
44 36 47
5 70 69
35 28 43
72 76 48
29 23 14
78 78 88
92 62 82
71 36 92
22 2 2
88 86 99
45 33 2
