100 100 100
100
36 46 13
82 13 99
50 63 52
32 90 86
23 38 43
95 25 98
39 22 28
49 5 10
36 2 22
7 40 4
44 20 39
78 68 78
47 16 11
83 85 50
16 43 37
79 78 74
80 7 82
71 91 59
97 11 75
27 11 30
2 78 73
42 6 19
13 39 19
9 6 37
47 6 8
21 34 3
25 40 41
12 4 24
37 72 100
38 50 11
36 31 2
48 15 22
27 28 17
19 29 8
11 6 42
60 96 56
89 15 98
19 23 46
40 91 85
98 82 6
35 22 10
67 74 16
31 2 37
73 38 78
18 29 5
48 3 14
42 94 98
34 1 27
17 49 44
33 40 19
17 18 20
31 8 36
35 96 84
44 45 11
26 69 76
22 79 93
40 15 14
34 37 27
33 43 43
44 11 27
44 17 41
77 87 87
94 83 23
71 40 77
30 31 47
33 29 43
32 44 17
8 42 14
75 90 50
70 54 60
26 68 69
12 88 81
36 44 23
99 57 81
35 91 68
1 3 29
68 44 81
49 36 12
46 11 45
16 35 21
35 92 93
70 58 65
13 34 27
1 34 28
24 7 1
19 2 4
40 48 46
43 95 82
17 5 26
24 16 29
25 41 40
97 22 80
88 88 36
83 81 100
63 79 57
98 88 99
78 2 91
48 100 71
63 70 95
15 69 67
