100 100 100
100
39 19 25
19 6 33
38 72 90
46 30 30
78 9 85
20 10 20
88 100 21
14 31 19
13 17 39
47 15 14
66 71 67
13 21 39
22 91 76
9 50 46
82 34 73
94 6 70
77 85 99
34 12 38
42 43 2
39 74 100
1 22 14
28 74 74
69 71 85
98 95 56
15 1 4
73 98 49
36 9 28
49 36 49
23 25 19
91 77 36
35 27 43
24 21 18
7 43 32
48 5 2
19 26 30
77 46 71
40 79 76
41 37 29
97 78 44
75 90 32
88 92 98
16 16 7
30 22 39
88 35 84
47 44 43
37 5 16
42 16 23
7 10 19
65 77 92
31 69 89
7 15 24
73 73 2
88 86 73
11 41 7
9 84 72
44 12 27
38 4 4
43 37 2
69 73 84
41 27 14
50 23 29
56 68 85
85 50 82
17 8 37
6 10 3
47 38 48
5 43 27
28 37 18
70 45 82
68 31 93
27 13 5
64 84 89
3 5 23
2 6 48
25 19 3
93 27 74
98 21 86
89 84 96
12 96 80
14 6 26
19 1 30
13 16 16
33 45 34
40 42 19
37 42 36
71 67 17
37 90 85
36 88 87
22 8 9
27 87 96
10 7 32
12 87 68
8 10 44
24 40 37
32 24 30
15 49 34
40 71 77
1 2 34
99 42 94
13 16 15
