100 100 100
100
41 39 40
23 50 41
47 21 46
9 43 25
76 94 95
24 42 6
34 17 13
26 8 25
91 77 88
40 39 27
95 41 95
37 100 68
83 5 72
27 86 90
45 26 18
40 79 75
33 4 14
45 12 4
71 71 8
77 98 19
47 7 41
13 31 38
74 38 97
86 69 18
50 79 85
36 29 44
48 29 16
35 21 25
10 34 35
45 35 12
33 26 33
78 93 15
40 5 48
86 32 89
83 80 19
18 68 100
10 77 78
12 2 13
23 26 22
53 52 87
10 79 69
39 9 49
28 41 44
29 29 22
25 10 34
97 8 77
43 39 42
89 100 14
46 44 7
30 17 50
48 13 31
14 92 96
54 72 61
27 40 4
76 18 81
15 2 35
37 40 45
81 40 76
20 34 40
99 97 74
7 32 18
19 50 30
77 100 99
34 82 83
93 65 70
12 94 92
25 41 38
49 31 21
26 48 15
2 69 93
25 44 40
29 20 29
19 13 24
30 28 18
99 1 86
34 50 30
71 97 45
16 43 25
27 8 2
13 93 77
4 36 13
31 19 2
4 5 40
52 85 63
94 69 20
24 23 29
33 1 33
92 61 76
28 10 41
29 89 69
44 22 23
8 11 20
99 90 100
24 84 72
27 16 18
18 8 45
43 47 7
78 81 86
10 89 97
10 32 49
