100 100 100
100
42 12 2
88 43 73
68 19 66
23 3 21
22 46 26
29 25 43
31 40 8
91 32 94
14 46 22
30 14 37
1 91 80
83 92 86
89 97 53
90 77 62
36 87 74
37 49 44
48 3 21
7 15 23
1 8 13
14 36 39
79 83 17
49 17 25
8 36 35
4 94 74
70 100 45
43 28 40
69 70 5
20 5 2
46 40 4
50 2 37
32 22 24
79 69 9
22 20 13
3 8 43
96 15 72
23 37 35
29 21 11
72 81 46
40 3 49
50 2 35
21 49 50
13 49 40
29 11 46
14 24 13
76 74 70
67 59 79
52 91 52
97 29 76
11 16 40
73 6 75
68 85 37
6 32 39
23 2 39
42 38 50
81 25 77
89 62 90
35 74 80
10 80 86
75 90 39
77 90 39
13 38 6
26 4 45
41 12 2
50 45 18
11 17 14
26 1 7
57 57 80
90 69 73
28 48 45
25 20 27
99 99 26
11 85 96
36 22 24
96 49 72
4 34 6
91 84 32
11 81 85
85 92 32
41 31 5
96 94 39
38 22 45
85 21 94
24 16 49
19 9 50
97 94 5
59 89 55
85 3 94
87 76 81
82 71 87
76 93 59
31 38 15
5 6 33
7 39 9
85 81 96
21 11 7
20 16 3
45 46 20
8 94 66
18 77 66
98 49 74
