100 100 100
100
44 34 17
32 37 6
12 18 5
38 16 16
83 74 37
33 9 29
99 12 85
3 9 42
40 10 36
23 38 50
38 12 39
36 45 32
1 44 21
14 22 46
26 9 1
33 20 24
89 1 69
18 15 39
96 100 69
27 45 10
40 28 46
34 6 9
25 35 7
1 10 49
17 89 95
49 26 37
71 78 43
6 40 26
66 84 22
2 20 11
30 19 14
8 41 6
72 70 53
31 75 73
45 36 46
29 34 11
49 39 50
73 31 85
6 84 72
46 21 12
88 59 98
38 42 32
56 87 90
48 18 1
82 39 96
8 15 20
42 34 31
24 39 49
23 94 92
27 44 31
29 6 42
49 6 6
19 36 41
8 35 45
73 69 49
10 35 4
74 85 28
18 43 25
7 25 37
28 92 92
20 47 45
32 9 11
91 88 45
19 14 32
40 45 19
54 88 75
78 75 9
40 22 30
29 1 28
49 38 12
22 75 93
96 87 44
2 32 27
70 95 67
45 16 9
17 49 33
97 2 79
33 50 38
96 3 72
10 21 45
90 87 28
18 22 27
45 26 5
7 18 40
24 43 39
27 44 2
26 6 22
15 7 20
79 15 71
71 98 66
15 3 8
1 50 45
31 3 18
25 39 20
58 53 98
23 25 14
46 44 30
10 32 50
29 46 14
5 17 16
