100 100 100
100
47 7 29
37 30 13
20 16 10
2 26 12
23 33 47
38 42 16
26 35 45
18 35 1
17 25 3
15 13 10
22 22 14
11 98 72
26 37 11
31 12 46
15 50 15
30 42 3
94 74 71
28 78 66
10 96 71
84 98 28
37 14 22
20 42 44
98 64 78
49 12 15
35 27 36
88 93 31
34 39 32
43 24 3
92 7 86
97 72 38
29 15 5
34 47 50
35 47 42
70 66 32
3 4 34
34 30 36
20 8 36
25 45 15
23 83 81
43 39 38
46 16 11
10 34 23
91 50 68
100 15 82
13 71 71
47 17 20
82 79 49
47 48 41
38 11 3
85 93 21
52 84 70
39 31 24
14 21 44
23 33 41
78 84 27
85 68 13
32 4 18
27 45 50
77 46 76
23 41 14
26 3 33
39 13 26
76 68 71
79 92 91
16 24 25
5 16 16
99 94 19
10 17 34
29 1 10
24 7 46
21 35 47
28 22 24
19 41 27
18 42 26
35 97 89
89 23 70
69 29 84
97 29 80
20 26 10
8 44 50
94 43 85
87 74 14
15 37 12
46 26 31
37 28 24
29 6 15
95 78 41
8 15 33
44 80 89
37 48 39
50 17 48
46 45 8
74 68 24
26 24 31
8 50 34
23 88 89
48 43 41
57 53 92
37 12 11
3 34 1
