100 100 100
100
47 87 79
43 69 81
27 95 76
17 39 7
22 1 8
44 26 4
24 7 37
32 12 9
96 56 97
6 37 23
9 31 38
85 67 11
2 31 2
74 66 47
5 40 32
26 13 33
45 48 46
39 88 84
14 4 32
2 14 49
56 77 60
92 66 28
94 34 75
48 13 32
2 21 33
14 21 28
44 7 20
27 7 27
4 14 9
9 5 12
92 62 92
13 4 47
18 11 8
38 38 27
12 25 23
40 25 10
40 26 25
46 10 47
80 66 87
39 10 13
6 25 39
80 27 95
26 76 91
19 9 30
41 20 40
82 22 71
43 27 20
72 93 34
80 83 71
24 21 12
10 49 3
97 100 41
80 5 83
39 32 38
25 40 4
3 18 21
31 40 9
78 74 63
44 16 32
19 8 2
35 12 22
45 18 42
68 67 62
2 49 13
52 59 86
20 22 20
84 37 90
99 11 99
50 97 55
88 77 31
21 18 34
11 4 7
90 49 73
46 14 46
26 29 12
50 48 36
25 100 90
50 7 1
35 100 67
7 84 86
44 28 43
5 27 50
36 47 20
64 63 77
49 12 8
32 17 27
21 9 11
2 24 47
48 22 19
39 45 42
64 87 91
72 69 18
28 32 33
26 91 96
88 82 24
26 90 88
96 99 1
17 17 25
48 31 9
76 55 59
