100 100 100
100
50 95 76
48 17 30
35 13 21
29 1 1
22 20 18
69 94 41
76 30 87
64 88 63
20 4 36
48 12 33
43 41 15
10 18 26
29 26 40
18 41 47
46 33 46
78 80 12
12 47 3
67 75 52
82 36 74
14 22 17
32 75 95
71 17 73
20 32 23
46 15 46
20 16 27
23 18 22
7 93 67
14 41 4
38 22 26
14 22 37
81 10 66
39 80 88
48 26 23
67 14 78
100 65 60
45 21 37
59 61 68
16 24 32
6 11 11
98 28 94
79 100 20
74 19 83
25 94 78
4 4 19
20 35 30
90 87 61
65 58 87
40 17 28
17 91 98
97 10 82
50 48 9
22 28 9
5 42 1
6 30 34
8 45 32
78 11 95
29 29 49
46 98 89
79 92 31
16 24 39
41 18 10
4 22 7
3 22 24
20 92 98
21 29 34
34 31 25
32 36 42
53 82 100
67 94 25
23 91 67
85 83 20
45 84 97
77 95 30
27 35 15
76 12 72
87 97 36
47 72 83
34 78 73
61 50 75
70 97 13
30 14 25
24 29 37
6 8 27
25 45 12
12 47 43
34 27 38
91 74 100
45 32 12
5 25 2
42 39 44
76 88 33
84 34 86
3 47 41
29 41 4
45 37 13
93 48 98
87 95 58
20 9 13
6 49 8
48 17 18
