10 10 10
100
10 2 2
1 4 2
1 6 4
4 2 5
5 4 2
8 9 3
8 9 2
3 3 7
4 7 2
4 7 9
3 4 3
6 8 2
1 9 6
6 3 10
2 9 10
4 7 10
3 5 10
1 8 6
2 8 4
4 3 3
2 9 6
2 2 8
5 1 4
2 1 9
8 1 9
3 2 7
1 8 9
8 10 2
10 8 4
9 7 5
1 5 6
3 6 3
7 7 10
4 5 9
6 9 3
9 8 5
5 10 6
8 7 5
1 4 2
8 10 3
3 4 7
6 4 6
7 8 4
1 10 7
7 3 1
8 2 9
4 10 4
1 8 1
4 9 5
2 4 9
9 6 9
2 9 9
3 4 7
6 8 1
4 10 3
4 10 8
10 3 10
3 10 8
8 9 6
8 9 9
7 8 7
4 9 2
2 9 6
2 7 1
5 1 9
8 8 1
8 3 9
1 4 4
8 5 2
8 5 1
6 3 9
10 7 1
7 2 9
9 7 6
1 8 1
6 5 2
9 4 9
3 7 1
7 9 5
10 1 7
6 8 7
9 8 10
7 3 3
6 3 7
6 7 6
2 7 8
7 1 6
9 7 9
9 2 4
3 7 10
10 6 1
3 7 6
10 7 4
2 1 8
9 5 5
8 1 10
3 8 8
1 2 5
7 5 9
7 4 5
