10 10 10
100
8 9 9
5 9 9
6 3 1
8 2 10
10 6 10
10 2 3
9 5 10
10 10 10
3 8 5
1 7 4
1 9 10
3 7 9
6 7 5
4 4 10
10 6 7
3 1 9
1 2 1
1 9 9
10 6 2
7 4 3
2 4 6
5 4 7
6 6 5
4 2 8
9 2 3
2 1 9
9 10 8
1 2 4
1 8 4
4 4 7
7 10 4
7 6 1
6 5 1
4 3 8
3 9 8
6 9 8
9 9 6
9 10 3
5 9 3
1 7 6
7 5 7
3 10 4
1 8 10
7 3 2
7 8 5
2 5 9
6 10 2
2 6 6
1 10 4
6 8 1
7 9 3
7 8 4
3 5 5
2 4 8
10 1 5
6 6 7
6 10 2
9 2 3
5 4 7
7 4 3
9 7 5
6 5 2
6 3 7
7 10 9
4 2 1
7 1 1
9 9 10
7 5 4
3 3 3
2 4 2
1 2 8
1 1 7
1 9 4
7 5 4
2 7 8
8 4 4
6 3 7
2 4 8
4 2 6
1 7 4
8 10 3
9 4 3
5 4 4
6 3 5
6 7 8
7 7 6
10 3 6
7 8 8
7 5 3
7 7 8
7 8 2
5 5 2
2 8 1
8 8 7
3 5 4
4 8 8
6 3 5
3 7 2
6 8 7
5 9 3
