10 10 10
100
10 7 7
9 5 7
10 3 5
10 6 10
8 2 6
2 6 3
3 7 6
8 2 6
5 6 5
5 7 8
5 1 10
7 5 3
8 5 3
10 8 2
2 4 1
1 3 7
7 6 7
1 9 1
2 6 10
5 10 5
6 10 2
3 4 1
10 8 1
8 8 6
1 10 1
6 3 9
3 8 8
7 4 2
5 10 2
4 4 9
3 8 10
9 2 5
10 5 7
6 3 8
3 1 6
4 9 2
7 3 4
3 2 7
7 1 3
7 7 8
5 9 5
5 8 4
7 10 8
5 7 2
3 10 1
2 7 3
4 4 8
4 10 6
7 10 8
6 10 5
5 5 1
3 8 6
9 3 9
8 10 6
6 1 9
10 4 3
2 6 10
3 2 5
5 2 1
3 6 1
9 7 7
10 3 2
4 9 5
7 8 1
8 8 1
3 3 5
3 1 4
9 3 8
5 9 1
4 10 4
1 4 8
3 3 1
3 3 4
7 3 10
8 3 6
2 4 8
6 7 5
10 2 2
6 6 10
3 1 4
6 6 3
3 6 9
3 6 4
8 3 7
4 5 2
7 5 6
4 5 8
5 6 6
3 9 9
9 9 10
7 4 6
9 1 10
6 4 7
6 8 1
5 7 6
8 2 4
10 9 1
7 5 8
2 6 1
5 7 9
