10 10 10
100
1 7 7
4 1 3
4 1 1
7 5 6
6 7 9
7 10 2
1 8 5
4 6 4
7 4 7
7 10 2
2 9 4
3 9 9
8 6 7
3 6 9
1 8 3
5 2 1
10 2 1
2 3 9
1 7 5
5 10 2
5 6 3
3 7 5
8 6 1
9 8 4
5 4 4
2 5 2
4 9 4
3 9 9
3 7 1
8 2 4
4 10 9
8 3 2
8 2 1
3 10 4
1 8 8
4 7 10
6 7 7
7 10 4
4 9 5
9 5 2
4 7 4
5 9 3
4 7 5
8 1 8
8 8 8
7 5 2
5 3 7
10 5 10
5 10 6
5 7 6
10 7 4
9 4 4
10 9 10
3 7 6
5 9 2
5 7 5
1 6 1
6 5 9
9 10 9
1 10 10
2 7 2
1 10 3
7 10 3
7 8 4
4 2 4
5 7 4
1 2 8
10 9 3
3 2 5
1 2 10
5 8 8
9 2 8
6 5 10
4 8 3
8 1 8
1 10 9
4 5 6
4 6 4
6 2 8
9 8 2
7 5 2
2 7 5
8 2 4
1 2 2
9 2 9
3 4 3
10 10 5
10 2 10
2 9 7
10 2 9
1 9 4
10 4 3
3 8 7
1 6 1
8 4 8
1 4 7
2 5 9
8 7 6
4 6 6
6 9 2
