100 100 100
100
75 90 74
97 100 80
58 71 72
92 82 39
79 95 32
71 83 45
83 67 56
70 28 87
10 71 96
14 16 41
78 73 78
89 6 100
51 87 97
74 19 85
86 98 20
1 13 26
81 65 75
91 9 73
63 82 82
68 61 63
6 1 9
70 19 90
80 87 50
12 3 20
71 72 81
75 67 74
83 70 3
56 60 86
97 83 32
85 91 63
53 73 52
87 96 95
44 99 68
68 64 76
80 75 97
3 5 35
67 69 78
48 78 72
50 75 63
51 65 97
95 73 30
72 31 79
94 94 64
79 79 70
50 77 75
95 57 71
64 99 94
79 41 94
3 86 87
84 2 68
55 62 81
58 51 52
79 88 95
92 57 93
70 82 79
98 51 83
81 74 21
26 74 83
71 100 47
73 83 54
71 69 60
85 66 33
31 2 30
77 62 63
78 3 87
18 23 39
54 79 81
72 48 79
24 44 17
96 83 97
28 50 34
67 74 92
80 91 20
88 13 94
68 78 60
95 83 26
72 78 47
16 6 6
84 86 71
87 68 15
78 75 15
70 92 75
66 76 53
56 76 53
66 57 87
76 41 72
74 71 72
57 90 88
67 93 75
94 75 86
41 86 97
82 93 62
72 100 81
73 23 69
64 67 79
97 34 85
58 67 92
44 17 7
30 5 24
54 92 98
