100 100 100
100
71 77 60
70 61 89
60 97 99
44 12 48
83 64 62
93 43 77
66 50 73
87 73 50
71 73 2
39 76 81
90 82 39
73 91 98
80 75 31
83 91 74
89 81 69
69 6 72
98 45 91
89 87 72
57 83 54
92 31 68
56 56 73
99 96 83
95 91 91
96 71 76
83 69 92
29 16 19
69 78 45
50 26 28
93 85 92
98 40 88
74 72 26
56 80 87
83 61 89
94 93 65
94 14 70
64 84 72
86 50 99
89 57 77
96 67 98
74 92 16
97 74 73
69 75 48
62 65 69
76 82 66
82 89 90
76 50 70
82 82 64
65 62 71
31 29 48
52 52 98
51 56 91
69 53 66
1 26 3
74 68 97
90 74 52
78 50 85
26 85 97
94 99 57
62 70 51
10 41 27
80 91 50
83 92 94
76 93 17
55 57 66
95 94 94
68 96 50
79 87 66
76 53 88
33 97 76
96 54 91
18 94 70
28 21 20
98 73 31
70 7 85
75 53 58
61 59 93
68 8 89
62 63 82
55 77 91
96 90 87
15 49 8
74 85 64
27 18 33
13 4 4
97 92 85
35 83 75
14 84 98
61 53 78
68 68 51
53 91 90
5 70 69
84 82 64
72 76 48
95 54 70
78 78 88
92 62 82
71 36 92
22 2 2
88 86 99
93 52 81
