100 100 100
100
91 71 84
82 13 99
50 63 52
32 90 86
74 96 81
95 25 98
61 93 77
49 5 10
36 2 22
7 40 4
98 98 85
78 68 78
79 89 55
83 85 50
75 89 65
79 78 74
80 7 82
71 91 59
97 11 75
87 94 52
2 78 73
73 72 88
62 54 54
99 66 57
47 6 8
21 34 3
25 40 41
51 87 100
37 72 100
65 50 86
95 72 50
53 72 58
86 79 68
19 29 8
83 55 61
60 96 56
89 15 98
71 86 92
40 91 85
98 82 6
79 95 72
67 74 16
50 83 85
73 38 78
56 95 74
81 96 80
42 94 98
53 89 54
87 56 55
79 70 66
17 18 20
85 71 51
35 96 84
70 50 57
26 69 76
22 79 93
40 15 14
54 50 81
77 51 70
73 54 69
81 83 65
77 87 87
94 83 23
71 40 77
50 81 62
91 55 100
99 54 94
8 42 14
75 90 50
70 54 60
26 68 69
12 88 81
36 44 23
99 57 81
35 91 68
54 64 95
68 44 81
90 90 72
53 62 87
54 96 52
35 92 93
70 58 65
86 95 66
1 34 28
52 66 92
92 64 87
40 48 46
43 95 82
64 87 52
89 80 67
69 78 96
97 22 80
88 88 36
83 81 100
63 79 57
98 88 99
78 2 91
48 100 71
63 70 95
15 69 67
