100 100 100
100
57 53 68
54 66 85
38 72 90
75 97 60
78 9 85
63 74 91
88 100 21
100 78 86
84 70 80
99 76 82
66 71 67
97 93 81
22 91 76
52 82 62
82 34 73
94 6 70
77 85 99
34 12 38
56 99 87
39 74 100
68 65 53
28 74 74
69 71 85
98 95 56
65 60 83
73 98 49
56 82 100
72 88 90
73 50 84
91 77 36
61 70 100
69 98 96
95 58 84
68 93 68
19 26 30
77 46 71
40 79 76
82 50 75
97 78 44
75 90 32
88 92 98
16 16 7
84 96 54
88 35 84
63 63 98
94 58 62
42 16 23
90 80 94
65 77 92
31 69 89
88 95 52
73 73 2
88 86 73
74 68 71
9 84 72
44 12 27
68 99 70
50 75 53
69 73 84
99 75 85
90 71 69
56 68 85
85 50 82
86 55 81
84 99 78
94 89 56
68 81 55
96 75 72
70 45 82
68 31 93
76 88 75
64 84 89
98 54 51
86 80 97
75 87 85
93 27 74
98 21 86
89 84 96
12 96 80
97 96 70
52 58 83
71 99 81
54 64 55
62 90 60
90 76 98
71 67 17
37 90 85
36 88 87
62 82 81
27 87 96
56 100 69
12 87 68
82 85 59
50 56 65
87 92 61
15 49 34
40 71 77
60 64 92
99 42 94
71 89 69
