100 100 100
100
73 60 78
23 50 41
59 97 89
78 71 98
76 94 95
83 56 87
34 17 13
98 63 99
91 77 88
64 68 60
95 41 95
37 100 68
83 5 72
27 86 90
85 55 98
40 79 75
87 69 85
63 90 75
71 71 8
77 98 19
55 68 60
86 97 87
74 38 97
86 69 18
50 79 85
63 58 59
62 78 99
92 64 53
98 99 96
45 35 12
77 94 98
78 93 15
40 5 48
86 32 89
83 80 19
18 68 100
10 77 78
12 2 13
99 89 91
53 52 87
10 79 69
83 72 78
28 41 44
29 29 22
25 10 34
97 8 77
87 68 76
89 100 14
93 99 52
85 91 74
54 85 76
14 92 96
54 72 61
77 61 86
76 18 81
92 59 75
51 59 55
81 40 76
86 94 97
99 97 74
100 85 74
19 50 30
77 100 99
34 82 83
93 65 70
12 94 92
62 56 68
68 97 86
58 74 54
2 69 93
79 71 65
50 76 50
58 83 61
72 76 61
99 1 86
94 63 63
71 97 45
64 77 68
27 8 2
13 93 77
70 83 82
31 19 2
74 83 94
52 85 63
94 69 20
53 98 82
96 60 98
92 61 76
28 10 41
29 89 69
93 98 69
91 55 71
99 90 100
24 84 72
27 16 18
90 69 69
66 58 63
78 81 86
10 89 97
93 87 92
