100 100 100
100
65 93 62
88 43 73
68 19 66
54 70 58
77 81 89
53 90 84
73 71 92
91 32 94
74 85 97
54 61 63
1 91 80
83 92 86
89 97 53
90 77 62
36 87 74
51 98 96
73 54 98
58 77 96
100 65 67
91 89 67
79 83 17
79 71 61
58 80 94
4 94 74
70 100 45
60 64 87
69 70 5
88 90 68
71 71 83
84 83 56
94 92 97
79 69 9
62 92 89
94 71 85
96 15 72
75 50 82
76 78 73
72 81 46
82 52 59
63 81 66
80 61 73
68 90 80
29 11 46
75 72 91
76 74 70
67 59 79
52 91 52
97 29 76
11 16 40
73 6 75
68 85 37
88 55 72
97 84 76
56 53 100
81 25 77
89 62 90
35 74 80
10 80 86
75 90 39
77 90 39
58 73 78
26 4 45
41 12 2
50 45 18
76 83 86
50 55 69
57 57 80
90 69 73
87 54 86
71 70 100
99 99 26
11 85 96
70 62 70
96 49 72
57 70 59
91 84 32
11 81 85
85 92 32
85 68 60
96 94 39
38 22 45
85 21 94
93 52 57
68 79 67
97 94 5
59 89 55
85 3 94
87 76 81
82 71 87
76 93 59
54 69 93
69 94 100
66 96 63
85 81 96
84 92 69
60 97 54
85 81 62
8 94 66
18 77 66
98 49 74
