100 100 100
100
81 74 72
79 78 79
68 80 50
82 95 96
83 74 37
73 97 80
99 12 85
3 9 42
40 10 36
70 53 92
100 94 89
50 67 88
1 44 21
83 75 75
69 72 54
75 97 77
89 1 69
80 89 91
96 100 69
59 71 81
81 98 98
99 71 60
91 98 98
72 56 54
17 89 95
49 26 37
71 78 43
57 66 57
66 84 22
90 93 54
30 19 14
67 76 85
72 70 53
31 75 73
93 50 68
62 52 64
52 67 53
73 31 85
6 84 72
72 60 97
88 59 98
54 83 55
56 87 90
80 89 96
82 39 96
53 73 62
94 64 55
97 50 88
23 94 92
91 61 82
87 67 98
64 100 97
88 70 90
59 72 90
73 69 49
87 90 78
74 85 28
87 100 69
95 86 73
28 92 92
68 87 83
93 64 52
91 88 45
62 96 56
85 100 78
54 88 75
78 75 9
62 65 61
92 60 93
96 92 63
22 75 93
96 87 44
81 65 54
70 95 67
45 16 9
83 87 56
97 2 79
89 64 64
96 3 72
75 93 95
90 87 28
72 97 77
45 26 5
7 18 40
100 79 63
91 81 52
94 86 73
15 7 20
79 15 71
71 98 66
15 3 8
97 81 77
83 50 78
51 55 85
58 53 98
82 75 65
80 52 86
89 88 73
50 65 84
59 58 63
