100 100 100
100
98 56 56
37 30 13
20 16 10
58 94 56
79 54 78
94 80 77
26 35 45
93 93 62
89 100 89
85 97 95
94 67 97
11 98 72
70 77 95
52 72 87
62 94 83
100 69 85
94 74 71
28 78 66
10 96 71
84 98 28
69 74 53
20 42 44
98 64 78
71 59 78
53 62 88
88 93 31
57 94 98
78 92 72
92 7 86
97 72 38
29 15 5
83 51 98
55 75 69
70 66 32
95 55 82
76 53 73
80 57 58
53 61 80
23 83 81
82 89 76
97 56 73
65 75 57
91 50 68
100 15 82
13 71 71
66 86 70
82 79 49
47 48 41
52 61 86
85 93 21
52 84 70
39 31 24
55 57 54
89 64 53
78 84 27
85 68 13
100 93 84
83 99 92
77 46 76
100 85 95
77 75 87
72 96 76
76 68 71
79 92 91
16 24 25
57 97 82
99 94 19
84 88 99
96 91 99
71 64 76
90 69 83
58 53 83
93 95 63
18 42 26
35 97 89
89 23 70
69 29 84
97 29 80
73 72 93
67 67 62
94 43 85
87 74 14
81 91 85
100 68 74
87 89 69
29 6 15
95 78 41
8 15 33
44 80 89
37 48 39
78 64 66
46 45 8
74 68 24
69 55 50
56 66 77
23 88 89
48 43 41
57 53 92
72 70 95
3 34 1
