100 100 100
100
47 87 79
43 69 81
27 95 76
86 68 94
81 91 73
44 26 4
58 99 55
65 78 100
96 56 97
76 89 73
63 67 53
85 67 11
98 79 78
74 66 47
5 40 32
26 13 33
79 58 57
39 88 84
14 4 32
2 14 49
56 77 60
92 66 28
94 34 75
71 89 52
89 81 64
74 55 97
89 65 97
73 94 61
69 90 93
9 5 12
92 62 92
74 78 86
18 11 8
68 64 99
12 25 23
63 81 81
40 26 25
91 77 62
80 66 87
91 93 82
80 54 73
80 27 95
26 76 91
19 9 30
69 52 67
82 22 71
75 86 85
72 93 34
80 83 71
97 82 90
69 100 69
97 100 41
80 5 83
92 57 68
77 64 78
57 70 56
83 53 69
78 74 63
53 78 75
74 56 84
61 89 92
50 78 73
68 67 62
97 64 99
52 59 86
20 22 20
84 37 90
99 11 99
50 97 55
88 77 31
67 77 98
70 96 69
90 49 73
94 63 73
68 70 84
72 60 100
25 100 90
63 51 60
35 100 67
7 84 86
63 78 76
73 78 58
50 59 98
64 63 77
73 98 74
52 89 98
66 87 99
71 98 69
99 79 96
39 45 42
64 87 91
72 69 18
93 61 82
26 91 96
88 82 24
26 90 88
96 99 1
100 70 86
69 50 79
76 55 59
