100 100 100
100
50 95 76
79 66 74
68 54 68
88 92 80
22 20 18
69 94 41
76 30 87
64 88 63
53 64 55
91 82 76
43 41 15
55 91 96
76 82 86
90 93 61
97 60 65
78 80 12
90 94 70
67 75 52
82 36 74
63 91 71
32 75 95
71 17 73
87 73 87
70 92 51
98 50 65
96 87 100
7 93 67
94 69 76
68 87 55
58 75 75
81 10 66
39 80 88
99 83 74
67 14 78
100 65 60
45 21 37
59 61 68
16 24 32
63 80 55
98 28 94
79 100 20
74 19 83
25 94 78
71 65 87
76 71 65
90 87 61
65 58 87
80 98 81
17 91 98
97 10 82
50 48 9
93 59 67
5 42 1
96 100 82
97 95 77
78 11 95
65 90 53
46 98 89
79 92 31
100 77 100
70 77 96
54 59 97
3 22 24
20 92 98
60 77 77
64 88 95
85 61 53
53 82 100
67 94 25
23 91 67
85 83 20
45 84 97
77 95 30
55 86 64
76 12 72
87 97 36
47 72 83
34 78 73
61 50 75
70 97 13
54 76 74
74 68 100
6 8 27
55 82 81
60 57 80
83 80 71
91 74 100
92 62 74
71 74 74
58 86 58
76 88 33
84 34 86
60 67 96
78 80 55
79 66 59
93 48 98
87 95 58
68 86 79
6 49 8
71 54 58
