40 40 40
150
10 26 3
6 9 20
34 25 31
20 7 28
18 12 23
2 7 3
10 23 4
31 24 28
27 21 17
28 14 9
11 17 17
8 20 25
18 4 28
11 9 21
12 28 1
18 7 24
23 27 24
1 34 25
12 13 7
32 14 34
33 6 7
5 15 25
10 10 24
24 4 25
5 19 18
34 14 23
29 11 25
19 18 3
8 17 20
25 13 22
32 4 20
21 30 1
27 2 6
13 33 12
22 21 11
20 32 18
13 32 31
22 19 10
21 5 15
3 10 8
34 34 1
10 16 31
9 34 30
33 19 28
4 6 13
18 21 11
8 10 1
27 2 3
27 9 13
1 10 23
34 14 12
33 24 13
2 17 26
33 19 21
22 17 33
7 34 35
5 23 9
29 7 12
13 17 14
31 18 16
9 14 20
15 28 34
32 24 13
24 14 19
11 2 14
17 8 27
1 15 32
22 34 11
6 29 20
17 25 16
12 7 19
25 16 26
6 15 9
9 18 7
1 3 2
10 21 27
20 2 4
15 21 9
23 19 32
27 34 12
19 30 23
24 30 28
11 4 9
14 14 35
12 2 21
27 22 27
11 29 26
31 35 6
19 19 28
23 4 6
8 2 18
15 10 32
31 13 3
17 24 7
6 13 29
31 26 2
35 16 18
20 30 26
25 12 17
7 29 1
5 15 20
17 29 21
14 33 6
5 22 35
3 25 4
13 13 11
3 19 5
33 21 22
20 20 32
19 15 21
28 6 33
2 9 29
11 8 10
8 29 11
5 20 4
10 8 35
21 30 22
25 5 6
11 10 21
20 34 3
23 5 31
21 27 8
7 7 5
19 35 20
7 20 16
31 7 13
4 24 3
25 19 26
31 4 18
17 25 13
8 12 21
30 3 19
29 23 11
19 14 26
20 21 9
14 26 8
28 30 6
28 32 17
28 14 9
28 24 16
20 20 6
29 18 27
4 17 34
24 13 7
23 27 20
5 3 5
4 8 34
14 34 13
15 5 6
9 12 21
