40 40 40
150
13 2 11
32 12 24
4 3 7
11 22 12
15 34 8
21 28 17
33 25 5
18 4 10
10 20 24
8 24 3
21 9 26
9 10 6
24 34 16
34 18 2
5 5 14
6 3 34
20 16 7
30 32 2
35 16 28
30 24 10
5 11 15
6 28 27
26 27 4
13 18 26
10 24 2
23 15 11
31 5 29
34 12 21
16 10 17
29 19 1
23 27 21
2 16 31
20 24 4
1 5 1
2 2 1
29 5 15
5 34 13
22 13 3
34 32 29
30 13 4
17 33 4
24 33 23
8 17 16
15 8 9
11 3 19
11 5 28
2 27 30
30 10 24
17 24 11
29 28 29
27 3 18
11 8 18
30 27 33
25 11 7
28 15 11
27 31 14
6 10 26
23 8 26
22 6 35
19 32 16
32 32 14
11 26 25
23 34 12
9 18 11
30 23 7
33 34 17
14 17 7
19 1 17
16 4 8
21 6 16
18 5 24
7 17 21
10 18 35
26 4 17
10 14 15
20 9 31
18 15 24
30 35 6
15 23 23
32 13 13
23 26 35
1 13 33
7 7 34
19 8 9
21 2 1
18 2 2
30 18 2
2 14 11
25 29 8
25 14 34
20 19 9
34 8 1
29 8 20
13 25 7
20 6 20
27 3 2
35 34 35
34 5 31
9 3 12
25 22 1
24 18 17
8 13 17
14 12 25
25 10 26
17 20 35
2 16 11
9 33 4
5 5 7
17 11 29
3 11 18
29 20 15
9 18 25
34 7 8
18 13 35
22 23 28
18 2 34
8 28 10
6 3 4
10 15 9
27 1 24
8 31 15
28 15 17
5 22 10
25 25 11
28 6 26
6 25 18
10 24 13
24 12 15
9 20 25
3 5 1
15 34 20
27 4 26
17 7 8
3 33 27
9 8 32
1 21 13
6 15 33
14 26 7
5 11 27
21 29 29
20 26 1
10 15 17
12 34 23
31 24 2
4 26 23
3 24 26
8 26 6
2 19 21
30 14 4
14 28 26
