40 40 40
150
16 11 10
4 5 29
21 31 2
4 26 27
21 2 19
19 31 32
3 34 33
20 16 31
9 32 29
20 22 8
23 18 23
9 34 16
13 5 12
32 30 1
13 12 33
2 11 13
31 28 23
20 18 13
28 19 2
12 34 29
7 32 3
10 13 21
23 18 29
5 14 31
26 23 31
23 11 26
18 7 21
15 5 30
11 9 19
34 4 7
21 1 14
23 21 23
5 19 18
20 25 18
35 1 3
10 17 16
14 28 1
11 27 2
10 18 7
30 23 7
13 27 3
15 34 10
21 21 25
16 21 14
4 4 5
28 24 25
4 24 15
18 19 9
15 9 11
15 19 1
9 28 30
34 10 9
20 28 35
30 16 23
1 20 26
25 30 10
34 33 28
17 5 26
19 22 12
24 32 27
12 27 20
11 23 5
25 5 24
31 32 12
27 26 2
34 22 16
24 3 26
13 35 33
34 20 4
31 7 5
16 26 14
11 5 1
12 7 23
18 13 10
3 31 29
9 9 33
13 25 35
24 35 33
23 32 15
1 1 18
20 29 12
18 26 19
11 18 14
2 10 13
7 26 5
18 24 9
14 19 33
1 13 10
33 16 23
34 12 7
27 7 1
11 1 20
18 12 16
17 30 35
17 5 21
26 28 35
15 2 8
31 32 4
20 35 4
3 11 22
16 26 3
5 8 17
20 4 6
35 15 31
12 7 16
10 6 5
15 15 33
15 26 35
19 3 28
17 23 24
3 7 8
10 13 19
32 10 34
32 34 9
6 7 29
26 26 10
7 2 16
17 3 12
13 27 1
32 1 11
26 31 13
34 20 19
31 29 32
18 14 4
14 5 35
16 12 6
3 17 35
16 33 25
19 27 21
2 33 15
26 11 20
16 15 22
6 27 4
13 32 9
31 2 34
21 31 20
22 33 3
6 14 9
22 14 22
32 32 17
13 6 2
2 27 1
30 8 6
7 15 8
14 15 13
33 27 27
13 11 12
8 16 26
15 35 6
10 31 9
