40 40 40
150
21 9 18
13 2 4
21 15 32
10 32 27
25 26 26
23 21 2
32 9 26
10 21 23
4 21 7
25 29 8
22 32 18
11 14 8
9 17 32
29 29 27
13 32 8
22 14 3
26 30 23
15 26 2
8 12 31
28 32 35
15 1 10
4 10 6
2 27 35
32 2 15
1 28 8
25 9 28
6 2 30
12 14 21
15 35 5
21 8 3
9 34 7
1 11 9
19 12 8
14 28 25
2 27 31
13 26 15
2 25 5
13 1 16
33 32 35
35 25 19
3 21 16
21 4 11
32 30 19
21 1 24
3 26 31
2 28 3
22 2 28
33 23 4
4 10 10
28 27 1
18 8 12
1 9 18
25 5 8
26 12 14
26 1 6
19 2 33
27 32 23
16 2 6
14 16 11
18 12 25
14 18 7
6 17 10
17 8 1
4 28 4
9 16 24
5 2 4
25 13 33
3 14 7
28 22 24
32 13 7
21 34 10
21 16 22
17 12 15
14 7 35
29 25 22
7 21 3
30 26 7
34 15 11
24 11 34
23 2 2
20 15 23
11 21 11
10 10 20
24 28 25
1 2 23
33 25 2
18 20 27
5 15 15
11 2 7
9 19 7
12 11 20
6 3 7
16 12 30
16 14 29
4 19 14
8 8 20
8 24 22
6 35 30
28 1 25
33 17 19
16 13 32
15 33 24
27 9 5
29 9 28
10 11 29
8 33 33
16 12 27
19 7 12
31 22 35
4 9 14
14 21 29
31 16 10
29 13 24
22 15 6
6 30 30
8 8 9
27 10 32
22 2 7
16 10 29
10 2 18
30 11 17
34 14 31
21 17 23
18 29 22
34 26 8
2 16 10
3 11 21
18 11 35
8 14 25
23 30 18
8 9 18
24 3 26
29 18 21
8 26 16
29 5 23
6 12 21
27 2 34
30 32 2
15 13 13
2 29 19
7 28 32
34 12 34
8 35 12
1 30 20
6 27 5
15 5 25
23 3 12
1 32 3
16 29 17
10 14 31
