40 40 40
150
27 6 13
11 33 25
8 33 3
29 16 3
5 16 34
28 33 8
25 20 32
34 13 14
21 32 19
17 2 30
34 10 12
12 28 34
16 30 16
15 27 7
14 16 5
6 6 27
34 19 22
11 33 25
24 18 26
31 17 7
24 27 6
9 8 2
15 23 17
13 12 21
22 32 9
26 6 31
30 21 26
8 1 25
18 15 27
30 34 23
33 19 13
15 14 31
32 29 32
21 20 8
15 7 23
15 11 1
3 9 33
2 9 8
10 10 27
27 3 18
17 2 18
26 22 13
9 17 14
4 15 33
3 24 35
12 19 17
18 16 7
12 5 33
4 10 8
30 1 2
28 10 30
2 30 26
8 16 17
23 9 16
5 16 34
14 10 8
21 30 19
4 35 32
8 21 9
11 26 24
17 8 30
14 12 16
10 12 24
11 11 9
25 28 12
22 28 28
13 24 4
6 15 29
9 13 8
11 30 31
2 6 28
7 5 9
35 4 29
23 2 3
31 18 2
6 9 21
23 14 15
8 6 35
24 24 17
32 4 8
9 2 12
5 17 2
10 24 25
12 24 15
31 14 7
12 4 19
21 10 34
10 16 19
25 22 25
20 27 8
31 16 3
14 29 30
15 11 20
16 20 34
15 11 6
26 10 18
23 10 35
29 25 8
23 24 35
29 34 17
15 24 27
26 24 20
33 3 5
12 2 24
19 16 18
5 26 27
28 31 20
24 12 25
7 5 8
25 29 5
24 22 4
4 20 35
15 15 13
11 20 27
19 17 20
24 14 7
13 29 26
26 12 1
18 27 9
22 27 26
10 25 22
12 7 7
10 4 3
17 8 29
6 11 15
34 21 15
25 16 6
21 25 11
31 2 16
8 26 32
3 8 17
10 27 17
6 22 2
25 9 22
5 21 13
25 17 21
21 5 31
8 14 29
9 25 3
6 2 20
35 14 28
30 21 31
34 3 19
19 32 33
32 3 33
8 29 24
9 6 25
18 14 16
4 24 29
11 10 19
