40 40 40
150
32 27 21
20 30 35
8 5 10
12 34 3
9 28 29
9 23 1
19 30 25
24 18 6
16 21 32
10 9 30
10 24 7
14 8 26
12 30 1
12 26 33
14 13 15
26 9 17
29 21 22
29 6 2
4 23 20
12 3 1
32 19 13
15 5 22
29 32 23
28 35 5
32 2 21
28 16 33
18 16 23
5 10 16
22 6 25
5 3 7
33 17 6
28 4 5
11 22 22
27 23 15
29 33 16
6 32 35
26 6 2
4 18 34
33 12 20
32 5 18
7 31 19
32 27 26
20 26 8
21 18 20
25 23 26
21 23 30
13 29 20
4 9 28
28 34 7
8 32 14
14 25 35
4 17 35
13 5 25
19 5 19
18 20 14
31 17 31
26 6 2
26 32 12
3 15 8
5 18 34
19 34 29
9 6 9
2 27 1
19 7 1
30 18 34
5 8 16
2 34 34
31 17 15
3 15 28
12 13 33
7 26 24
29 28 30
5 32 9
19 31 28
22 12 30
4 21 26
17 3 10
18 21 13
25 3 1
19 5 27
9 23 23
33 12 29
9 16 19
34 19 27
25 2 25
27 5 35
25 11 5
14 30 24
15 20 9
30 34 8
16 8 22
9 19 5
13 11 34
15 27 28
25 2 11
20 25 15
4 32 26
4 28 22
31 25 21
24 17 2
15 11 21
13 2 15
5 8 4
6 8 21
17 20 31
3 18 20
6 28 14
5 28 2
7 24 15
24 3 30
35 24 13
13 35 26
12 18 26
1 1 24
19 28 21
6 31 18
33 2 19
31 11 8
21 10 25
35 28 33
14 5 3
24 1 7
35 27 29
5 23 12
14 32 35
20 25 7
25 10 4
23 26 9
20 24 20
29 23 35
20 6 15
18 3 21
17 13 19
20 26 6
15 1 14
33 21 34
14 21 27
32 9 10
2 24 17
11 11 22
6 1 23
4 6 6
24 30 25
1 35 33
24 27 25
25 19 22
19 33 2
11 30 28
5 18 5
11 28 6
