40 40 40
150
3 24 28
18 26 9
30 23 16
19 18 2
24 18 2
14 12 7
12 18 19
13 10 32
33 32 9
14 17 17
22 2 1
15 22 17
7 8 20
33 24 25
15 32 12
10 13 6
2 22 9
25 25 25
8 29 15
27 35 8
6 10 9
8 3 18
7 5 5
9 22 11
18 6 34
29 13 1
7 35 19
1 20 8
25 33 12
14 29 4
22 14 35
30 7 27
24 4 11
22 15 33
30 13 31
8 5 33
27 2 7
28 26 14
22 25 24
1 18 29
21 24 21
2 10 28
32 13 3
27 32 29
25 21 18
31 26 9
32 8 11
18 26 34
16 34 17
22 6 15
24 4 18
5 15 31
19 16 34
16 25 9
32 35 30
26 13 18
20 4 33
26 18 26
32 20 6
10 32 33
22 12 17
5 1 15
30 31 12
14 25 29
11 7 22
10 22 5
25 10 5
22 18 25
31 18 35
26 18 34
11 33 19
3 5 17
11 1 35
16 26 31
24 5 22
3 9 32
33 26 18
27 35 2
25 16 19
5 7 33
33 10 12
27 31 20
9 30 24
22 15 5
20 14 9
18 19 29
28 1 35
19 31 28
29 5 27
6 7 9
12 13 5
5 22 28
12 10 12
15 10 21
1 17 3
3 27 1
31 18 4
15 30 35
26 25 8
20 34 35
14 22 16
24 28 23
11 2 4
24 1 17
26 25 8
12 11 14
6 24 30
10 33 15
18 7 11
10 23 21
22 2 23
33 4 16
33 32 15
25 6 22
20 15 11
22 14 16
31 9 13
35 9 2
35 15 5
12 30 6
17 31 8
25 6 18
24 2 21
4 2 31
21 17 7
5 7 12
24 3 24
26 5 20
8 35 23
14 19 2
3 5 14
4 27 24
29 17 35
14 21 12
26 5 4
17 26 34
20 24 24
10 26 2
31 24 7
15 7 23
34 10 19
35 27 3
15 21 32
19 2 11
3 3 18
18 8 9
28 1 3
5 35 6
5 13 5
12 12 6
