40 40 40
150
31 22 1
15 23 19
30 30 23
2 1 2
28 7 32
18 25 12
6 28 12
3 3 1
16 9 22
7 24 17
21 4 31
5 2 9
3 8 28
30 23 4
15 17 10
30 4 31
9 24 9
20 33 14
23 34 9
31 21 2
14 2 4
14 35 15
21 14 11
1 33 18
28 11 11
19 11 3
30 30 28
10 6 34
6 12 10
24 33 23
10 35 28
8 32 13
15 32 1
28 18 5
9 4 24
11 26 32
15 22 11
30 23 5
10 4 17
29 20 29
34 18 22
8 27 6
8 34 32
9 12 4
24 20 9
17 30 22
27 21 24
10 7 29
5 35 16
23 14 15
33 7 35
7 2 5
1 28 7
35 21 12
22 16 22
20 20 29
13 3 16
13 15 6
4 14 5
4 12 8
24 3 4
12 7 20
22 11 1
22 9 21
28 32 9
28 14 28
14 20 35
12 32 11
13 8 20
4 1 24
28 6 15
25 28 26
16 29 15
24 20 33
15 34 15
1 21 14
27 15 13
2 15 15
26 18 3
15 8 5
33 31 23
20 26 24
8 22 30
21 33 29
2 25 27
33 20 10
32 25 6
23 33 33
7 26 11
16 14 9
32 17 24
12 12 15
10 10 3
14 17 15
11 8 31
32 7 33
12 5 18
2 33 26
34 14 29
3 17 20
26 9 33
34 18 18
30 7 3
18 30 2
1 29 21
10 3 7
19 21 24
14 14 4
30 26 18
32 32 11
33 4 9
7 7 19
18 35 5
15 22 19
20 3 12
4 31 27
16 29 29
28 8 9
3 33 21
25 31 1
21 11 24
2 35 30
14 25 12
4 17 2
29 3 27
3 11 16
24 32 10
16 18 30
32 22 15
35 16 17
20 3 24
12 15 28
5 8 29
32 3 31
24 20 28
25 30 35
13 28 8
22 9 30
24 35 33
8 16 25
28 32 14
32 35 13
5 13 3
1 17 11
30 15 10
35 21 7
15 5 15
33 16 18
29 7 16
12 7 28
