40 40 40
150
2 19 31
25 19 28
17 13 29
9 20 13
31 32 5
35 14 6
11 4 6
4 7 27
10 32 34
11 32 16
33 17 2
6 16 35
33 21 12
16 21 31
16 1 19
14 8 20
5 13 8
16 5 2
4 5 4
11 6 9
23 28 12
7 33 34
34 10 16
17 20 1
14 15 24
20 20 6
19 26 24
6 16 26
9 4 32
10 24 20
34 32 22
22 23 23
28 14 25
23 10 11
22 31 16
1 34 30
16 18 16
31 31 32
22 17 9
33 33 5
25 11 1
13 33 8
20 9 27
27 14 25
24 6 1
27 33 1
23 35 3
24 12 23
28 23 14
2 23 28
8 21 18
8 23 13
7 4 16
32 18 14
1 31 3
3 28 16
7 13 12
1 13 32
33 7 3
32 26 7
27 28 4
8 2 26
15 15 12
29 4 14
9 21 32
10 28 5
2 31 6
3 33 21
6 11 4
6 6 25
32 25 10
34 17 13
22 21 29
21 15 24
17 27 30
35 9 20
8 3 21
11 29 4
26 31 21
1 10 23
34 18 35
14 22 15
8 1 35
9 29 7
32 14 34
12 22 27
35 27 1
28 11 2
21 23 29
4 22 33
16 22 7
8 15 3
32 9 16
14 35 20
22 35 23
15 9 19
27 26 8
13 35 4
6 14 4
34 22 18
25 20 28
22 32 14
1 1 3
1 23 33
33 34 33
7 31 24
19 5 17
31 19 17
6 9 26
18 17 2
8 5 19
15 11 9
16 2 29
4 27 17
21 25 2
20 2 25
2 1 23
32 6 3
5 15 1
2 33 9
24 25 29
3 28 6
3 12 4
3 31 21
13 35 34
23 16 9
11 25 7
19 32 29
32 10 18
20 12 19
3 2 23
33 27 31
29 12 10
26 21 2
35 24 18
9 12 35
19 8 5
12 26 22
18 35 11
12 24 26
21 18 10
5 21 10
31 4 10
19 19 24
21 26 3
28 10 6
24 31 28
15 33 31
29 2 28
13 26 16
