40 40 40
150
7 5 4
22 16 15
17 32 1
27 3 13
12 21 35
4 4 11
5 14 34
29 35 19
28 9 12
4 4 4
9 31 32
8 31 15
29 33 32
13 20 22
4 21 17
34 11 10
12 15 8
34 13 14
19 10 33
27 4 15
31 20 7
13 30 31
13 19 34
32 31 8
24 20 24
22 18 8
7 9 21
3 2 29
13 18 18
20 28 4
22 30 27
23 25 9
7 7 15
29 13 30
24 10 9
4 20 17
4 15 20
21 5 11
10 31 2
3 35 5
3 5 2
19 15 9
31 30 21
32 29 35
11 5 27
1 2 14
6 13 16
16 28 30
17 24 13
15 19 28
17 1 35
10 22 22
24 16 24
28 14 5
14 35 18
32 35 27
12 12 30
23 10 12
28 13 2
26 18 17
29 19 26
3 31 31
30 30 24
2 23 18
26 11 19
16 20 28
26 6 1
28 35 7
35 13 24
19 24 15
2 33 29
21 28 34
27 26 21
29 9 26
8 21 23
21 21 25
2 27 28
21 9 17
27 10 5
23 11 30
22 4 23
7 17 7
7 28 29
31 24 19
26 25 17
27 35 20
27 16 7
32 13 7
11 9 13
14 29 33
1 14 26
3 5 25
30 9 30
13 7 14
9 14 16
9 24 16
8 13 22
23 3 18
2 3 25
29 5 3
25 7 22
32 22 21
8 6 25
30 17 30
8 15 23
5 23 17
32 2 11
35 23 29
6 28 33
17 26 27
19 19 28
1 14 35
1 5 19
29 31 2
21 13 3
2 19 24
22 9 16
2 5 33
8 33 29
15 34 16
5 5 33
15 22 6
16 35 30
3 11 4
21 21 7
9 20 13
11 31 28
21 10 4
21 32 22
18 9 22
20 35 21
6 15 35
5 3 27
21 3 9
10 4 7
17 16 13
12 12 1
24 9 15
11 34 2
17 21 28
27 5 5
2 6 8
21 8 16
1 22 1
13 15 30
10 35 27
34 35 5
8 14 8
30 19 4
13 9 3
